0.000000,0.000000,0.000000,0.000000,0.000000,0.000000,0.000000,0.000000,0.000000,0.000000,0.000000,0.000000,192.000000,0.000000,0.000000,0.000000,0.000000,0.000000,0.000000,0.000000,0.000000,0.000000,1629480551.691293
1.000000,-46806.429688,-43684.851563,-43086.496094,-52984.273438,-44759.566406,-53058.546875,-44175.562500,-51261.781250,-0.060000,-0.952000,0.202000,192.000000,254.000000,32.000000,226.000000,64.000000,6.000000,80.000000,0.000000,0.000000,0.000000,1629480551.707327
2.000000,-46840.515625,-43718.757813,-43112.132813,-52991.246094,-44759.410156,-53040.375000,-44170.195313,-51275.546875,-0.060000,-0.952000,0.202000,192.000000,0.000000,0.000000,0.000000,0.000000,0.000000,0.000000,0.000000,0.000000,0.000000,1629480551.710333
3.000000,-46889.441406,-43767.687500,-43150.621094,-53004.253906,-44775.101563,-53003.179688,-44176.859375,-51290.726563,-0.060000,-0.952000,0.202000,192.000000,0.000000,0.000000,0.000000,0.000000,0.000000,0.000000,0.000000,0.000000,0.000000,1629480551.714321
4.000000,-46888.796875,-43768.089844,-43149.480469,-53006.085938,-44785.117188,-52999.023438,-44185.105469,-51283.035156,-0.060000,-0.952000,0.202000,192.000000,0.000000,0.000000,0.000000,0.000000,0.000000,0.000000,0.000000,0.000000,0.000000,1629480551.718326
5.000000,-46836.871094,-43716.812500,-43108.421875,-52993.078125,-44773.695313,-53030.941406,-44181.441406,-51262.113281,-0.060000,-0.952000,0.202000,192.000000,0.000000,0.000000,0.000000,0.000000,0.000000,0.000000,0.000000,0.000000,0.000000,1629480551.721328
6.000000,-46805.265625,-43684.113281,-43082.406250,-52981.500000,-44755.210938,-53053.785156,-44168.542969,-51254.382813,-0.060000,-0.952000,0.202000,192.000000,0.000000,0.000000,0.000000,0.000000,0.000000,0.000000,0.000000,0.000000,0.000000,1629480551.725330
7.000000,-46835.640625,-43714.937500,-43106.140625,-52986.015625,-44755.140625,-53034.363281,-44165.011719,-51269.042969,-0.060000,-0.952000,0.202000,192.000000,0.000000,0.000000,0.000000,0.000000,0.000000,0.000000,0.000000,0.000000,0.000000,1629480551.729360
8.000000,-46885.664063,-43765.718750,-43146.039063,-52999.851563,-44772.464844,-52998.109375,-44174.019531,-51286.253906,-0.062000,-0.950000,0.208000,192.000000,254.000000,16.000000,226.000000,80.000000,6.000000,128.000000,0.000000,0.000000,0.000000,1629480551.734342
9.000000,-46885.597656,-43766.187500,-43146.933594,-53004.457031,-44784.890625,-52997.011719,-44187.027344,-51287.796875,-0.062000,-0.950000,0.208000,192.000000,0.000000,0.000000,0.000000,0.000000,0.000000,0.000000,0.000000,0.000000,0.000000,1629480551.738350
10.000000,-46835.417969,-43717.128906,-43107.683594,-52994.308594,-44774.855469,-53031.769531,-44187.519531,-51272.484375,-0.062000,-0.950000,0.208000,192.000000,0.000000,0.000000,0.000000,0.000000,0.000000,0.000000,0.000000,0.000000,0.000000,1629480551.742346
11.000000,-46802.851563,-43685.007813,-43082.628906,-52983.222656,-44756.683594,-53055.351563,-44176.656250,-51264.460938,-0.062000,-0.950000,0.208000,192.000000,0.000000,0.000000,0.000000,0.000000,0.000000,0.000000,0.000000,0.000000,0.000000,1629480551.746368
12.000000,-46832.667969,-43714.824219,-43106.589844,-52988.050781,-44756.328125,-53036.308594,-44171.628906,-51277.359375,-0.062000,-0.950000,0.208000,192.000000,0.000000,0.000000,0.000000,0.000000,0.000000,0.000000,0.000000,0.000000,0.000000,1629480551.749379
13.000000,-46883.183594,-43764.914063,-43146.910156,-53001.125000,-44771.324219,-52999.539063,-44179.027344,-51291.707031,-0.062000,-0.950000,0.208000,192.000000,0.000000,0.000000,0.000000,0.000000,0.000000,0.000000,0.000000,0.000000,0.000000,1629480551.753369
14.000000,-46884.437500,-43766.167969,-43148.566406,-53006.242188,-44782.074219,-52995.582031,-44190.648438,-51290.031250,-0.062000,-0.950000,0.208000,192.000000,0.000000,0.000000,0.000000,0.000000,0.000000,0.000000,0.000000,0.000000,0.000000,1629480551.757383
15.000000,-46832.824219,-43715.851563,-43108.175781,-52993.613281,-44774.164063,-53027.320313,-44189.820313,-51272.640625,-0.062000,-0.950000,0.208000,192.000000,0.000000,0.000000,0.000000,0.000000,0.000000,0.000000,0.000000,0.000000,0.000000,1629480551.762370
16.000000,-46799.566406,-43682.257813,-43082.335938,-52982.796875,-44756.503906,-53053.136719,-44177.820313,-51263.703125,-0.062000,-0.950000,0.208000,192.000000,0.000000,0.000000,0.000000,0.000000,0.000000,0.000000,0.000000,0.000000,0.000000,1629480551.766401
17.000000,-46826.992188,-43709.929688,-43103.839844,-52984.519531,-44752.707031,-53034.898438,-44171.941406,-51273.781250,-0.062000,-0.956000,0.204000,192.000000,254.000000,16.000000,226.000000,32.000000,6.000000,96.000000,0.000000,0.000000,0.000000,1629480551.770400
18.000000,-46878.355469,-43760.535156,-43142.574219,-52997.546875,-44767.792969,-52998.554688,-44179.136719,-51288.468750,-0.062000,-0.956000,0.204000,192.000000,0.000000,0.000000,0.000000,0.000000,0.000000,0.000000,0.000000,0.000000,0.000000,1629480551.773411
19.000000,-46881.753906,-43763.976563,-43146.441406,-53002.914063,-44780.488281,-52996.027344,-44190.378906,-51287.730469,-0.062000,-0.956000,0.204000,192.000000,0.000000,0.000000,0.000000,0.000000,0.000000,0.000000,0.000000,0.000000,0.000000,1629480551.777400
20.000000,-46832.355469,-43714.781250,-43108.468750,-52992.160156,-44773.269531,-53029.937500,-44188.125000,-51269.804688,-0.062000,-0.956000,0.204000,192.000000,0.000000,0.000000,0.000000,0.000000,0.000000,0.000000,0.000000,0.000000,0.000000,1629480551.781422
21.000000,-46800.035156,-43682.882813,-43083.187500,-52982.171875,-44757.355469,-53056.132813,-44176.925781,-51261.691406,-0.062000,-0.956000,0.204000,192.000000,0.000000,0.000000,0.000000,0.000000,0.000000,0.000000,0.000000,0.000000,0.000000,1629480551.785431
22.000000,-46829.273438,-43711.339844,-43105.628906,-52986.417969,-44755.187500,-53039.390625,-44171.539063,-51272.417969,-0.062000,-0.956000,0.204000,192.000000,0.000000,0.000000,0.000000,0.000000,0.000000,0.000000,0.000000,0.000000,0.000000,1629480551.790423
23.000000,-46882.601563,-43763.707031,-43147.269531,-53001.437500,-44773.136719,-53003.652344,-44181.910156,-51290.300781,-0.062000,-0.956000,0.204000,192.000000,0.000000,0.000000,0.000000,0.000000,0.000000,0.000000,0.000000,0.000000,0.000000,1629480551.794423
24.000000,-46886.941406,-43766.792969,-43150.847656,-53006.222656,-44786.703125,-52998.800781,-44194.226563,-51290.792969,-0.062000,-0.956000,0.204000,192.000000,0.000000,0.000000,0.000000,0.000000,0.000000,0.000000,0.000000,0.000000,0.000000,1629480551.798428
25.000000,-46839.843750,-43720.414063,-43113.718750,-52996.566406,-44778.746094,-53032.863281,-44194.156250,-51276.800781,-0.062000,-0.956000,0.204000,192.000000,0.000000,0.000000,0.000000,0.000000,0.000000,0.000000,0.000000,0.000000,0.000000,1629480551.801434
26.000000,-46803.589844,-43685.230469,-43084.617188,-52983.871094,-44758.539063,-53057.003906,-44181.460938,-51266.675781,-0.062000,-0.956000,0.204000,192.000000,0.000000,0.000000,0.000000,0.000000,0.000000,0.000000,0.000000,0.000000,0.000000,1629480551.805449
27.000000,-46830.433594,-43710.937500,-43105.136719,-52985.121094,-44754.250000,-53039.101563,-44172.207031,-51274.339844,-0.064000,-0.952000,0.210000,192.000000,254.000000,0.000000,226.000000,64.000000,6.000000,144.000000,0.000000,0.000000,0.000000,1629480551.809467
28.000000,-46882.582031,-43761.898438,-43146.933594,-52997.546875,-44769.582031,-53001.437500,-44179.093750,-51286.457031,-0.064000,-0.952000,0.210000,192.000000,0.000000,0.000000,0.000000,0.000000,0.000000,0.000000,0.000000,0.000000,0.000000,1629480551.813470
29.000000,-46887.074219,-43766.144531,-43150.398438,-53002.667969,-44781.628906,-52993.613281,-44190.335938,-51284.535156,-0.064000,-0.952000,0.210000,192.000000,0.000000,0.000000,0.000000,0.000000,0.000000,0.000000,0.000000,0.000000,0.000000,1629480551.818456
30.000000,-46838.882813,-43718.246094,-43111.886719,-52992.964844,-44772.464844,-53027.789063,-44189.843750,-51268.460938,-0.064000,-0.952000,0.210000,192.000000,0.000000,0.000000,0.000000,0.000000,0.000000,0.000000,0.000000,0.000000,0.000000,1629480551.822460
31.000000,-46804.437500,-43684.335938,-43084.773438,-52981.769531,-44755.722656,-53056.000000,-44178.421875,-51260.125000,-0.064000,-0.952000,0.210000,192.000000,0.000000,0.000000,0.000000,0.000000,0.000000,0.000000,0.000000,0.000000,0.000000,1629480551.826555
32.000000,-46830.835938,-43710.781250,-43104.445313,-52982.371094,-44753.578125,-53037.960938,-44170.644531,-51269.066406,-0.064000,-0.952000,0.210000,192.000000,0.000000,0.000000,0.000000,0.000000,0.000000,0.000000,0.000000,0.000000,0.000000,1629480551.829561
33.000000,-46880.679688,-43760.109375,-43142.285156,-52993.546875,-44766.699219,-52999.402344,-44177.351563,-51284.062500,-0.064000,-0.952000,0.210000,192.000000,0.000000,0.000000,0.000000,0.000000,0.000000,0.000000,0.000000,0.000000,0.000000,1629480551.833554
34.000000,-46886.066406,-43766.167969,-43147.066406,-52998.285156,-44777.628906,-52993.167969,-44187.562500,-51285.046875,-0.064000,-0.952000,0.210000,192.000000,0.000000,0.000000,0.000000,0.000000,0.000000,0.000000,0.000000,0.000000,0.000000,1629480551.837561
35.000000,-46836.269531,-43717.351563,-43106.992188,-52986.687500,-44767.457031,-53023.343750,-44186.535156,-51266.093750,-0.064000,-0.952000,0.210000,192.000000,0.000000,0.000000,0.000000,0.000000,0.000000,0.000000,0.000000,0.000000,0.000000,1629480551.841544
36.000000,-46799.050781,-43680.625000,-43078.382813,-52975.195313,-44748.636719,-53049.496094,-44174.890625,-51256.796875,-0.064000,-0.952000,0.210000,192.000000,0.000000,0.000000,0.000000,0.000000,0.000000,0.000000,0.000000,0.000000,0.000000,1629480551.845545
37.000000,-46823.707031,-43706.597656,-43098.074219,-52979.085938,-44746.378906,-53033.667969,-44167.960938,-51268.863281,-0.064000,-0.954000,0.218000,192.000000,254.000000,0.000000,226.000000,48.000000,6.000000,208.000000,0.000000,0.000000,0.000000,1629480551.850547
38.000000,-46879.296875,-43761.496094,-43141.457031,-52994.910156,-44766.230469,-52998.242188,-44175.539063,-51289.363281,-0.064000,-0.954000,0.218000,192.000000,0.000000,0.000000,0.000000,0.000000,0.000000,0.000000,0.000000,0.000000,0.000000,1629480551.854690
39.000000,-46883.675781,-43765.718750,-43145.839844,-52997.683594,-44776.085938,-52988.964844,-44186.871094,-51287.507813,-0.064000,-0.954000,0.218000,192.000000,0.000000,0.000000,0.000000,0.000000,0.000000,0.000000,0.000000,0.000000,0.000000,1629480551.857564
40.000000,-46835.082031,-43717.574219,-43108.710938,-52986.730469,-44767.660156,-53021.421875,-44187.964844,-51269.582031,-0.064000,-0.954000,0.218000,192.000000,0.000000,0.000000,0.000000,0.000000,0.000000,0.000000,0.000000,0.000000,0.000000,1629480551.861540
41.000000,-46797.824219,-43681.187500,-43079.363281,-52976.515625,-44750.558594,-53049.898438,-44177.640625,-51259.722656,-0.064000,-0.954000,0.218000,192.000000,0.000000,0.000000,0.000000,0.000000,0.000000,0.000000,0.000000,0.000000,0.000000,1629480551.865558
42.000000,-46820.621094,-43704.253906,-43096.890625,-52979.109375,-44746.714844,-53034.519531,-44168.074219,-51268.933594,-0.064000,-0.954000,0.218000,192.000000,0.000000,0.000000,0.000000,0.000000,0.000000,0.000000,0.000000,0.000000,0.000000,1629480551.869543
43.000000,-46875.093750,-43758.121094,-43139.828125,-52993.683594,-44765.222656,-52998.687500,-44176.187500,-51287.640625,-0.064000,-0.954000,0.218000,192.000000,0.000000,0.000000,0.000000,0.000000,0.000000,0.000000,0.000000,0.000000,0.000000,1629480551.873555
44.000000,-46883.164063,-43766.031250,-43146.843750,-52999.648438,-44777.425781,-52990.886719,-44188.437500,-51289.429688,-0.064000,-0.954000,0.218000,192.000000,0.000000,0.000000,0.000000,0.000000,0.000000,0.000000,0.000000,0.000000,0.000000,1629480551.878552
45.000000,-46836.781250,-43720.457031,-43110.300781,-52990.867188,-44770.878906,-53022.828125,-44188.054688,-51273.671875,-0.064000,-0.954000,0.218000,192.000000,0.000000,0.000000,0.000000,0.000000,0.000000,0.000000,0.000000,0.000000,0.000000,1629480551.881560
46.000000,-46797.421875,-43680.828125,-43078.136719,-52977.343750,-44748.792969,-53049.359375,-44176.031250,-51262.605469,-0.064000,-0.954000,0.218000,192.000000,0.000000,0.000000,0.000000,0.000000,0.000000,0.000000,0.000000,0.000000,0.000000,1629480551.884554
47.000000,-46818.433594,-43702.015625,-43094.140625,-52977.500000,-44743.316406,-53034.628906,-44167.378906,-51270.789063,-0.070000,-0.956000,0.216000,192.000000,253.000000,208.000000,226.000000,32.000000,6.000000,192.000000,0.000000,0.000000,0.000000,1629480551.889539
48.000000,-46874.156250,-43758.097656,-43138.394531,-52992.562500,-44762.003906,-52999.828125,-44175.785156,-51289.742188,-0.070000,-0.956000,0.216000,192.000000,0.000000,0.000000,0.000000,0.000000,0.000000,0.000000,0.000000,0.000000,0.000000,1629480551.893544
49.000000,-46885.351563,-43769.722656,-43147.941406,-53000.121094,-44777.023438,-52990.621094,-44188.324219,-51291.214844,-0.070000,-0.956000,0.216000,192.000000,0.000000,0.000000,0.000000,0.000000,0.000000,0.000000,0.000000,0.000000,0.000000,1629480551.897563
50.000000,-46835.285156,-43719.808594,-43107.886719,-52987.132813,-44766.386719,-53017.105469,-44184.769531,-51268.777344,-0.070000,-0.956000,0.216000,192.000000,0.000000,0.000000,0.000000,0.000000,0.000000,0.000000,0.000000,0.000000,0.000000,1629480551.901577
51.000000,-46796.796875,-43682.550781,-43076.996094,-52975.597656,-44747.230469,-53047.394531,-44173.683594,-51256.167969,-0.070000,-0.956000,0.216000,192.000000,0.000000,0.000000,0.000000,0.000000,0.000000,0.000000,0.000000,0.000000,0.000000,1629480551.906569
52.000000,-46820.355469,-43705.078125,-43095.457031,-52978.953125,-44745.242188,-53035.792969,-44166.531250,-51265.109375,-0.070000,-0.956000,0.216000,192.000000,0.000000,0.000000,0.000000,0.000000,0.000000,0.000000,0.000000,0.000000,0.000000,1629480551.909578
53.000000,-46872.230469,-43755.972656,-43136.855469,-52991.445313,-44761.847656,-52998.843750,-44172.765625,-51280.980469,-0.070000,-0.956000,0.216000,192.000000,0.000000,0.000000,0.000000,0.000000,0.000000,0.000000,0.000000,0.000000,0.000000,1629480551.913570
54.000000,-46884.347656,-43767.910156,-43147.648438,-53000.343750,-44777.808594,-52991.937500,-44185.417969,-51282.632813,-0.070000,-0.956000,0.216000,192.000000,0.000000,0.000000,0.000000,0.000000,0.000000,0.000000,0.000000,0.000000,0.000000,1629480551.917613
55.000000,-46839.398438,-43723.429688,-43113.160156,-52991.000000,-44770.410156,-53021.914063,-44186.804688,-51265.914063,-0.070000,-0.956000,0.216000,192.000000,0.000000,0.000000,0.000000,0.000000,0.000000,0.000000,0.000000,0.000000,0.000000,1629480551.921605
56.000000,-46797.531250,-43682.125000,-43080.640625,-52976.917969,-44751.410156,-53048.847656,-44176.949219,-51253.843750,-0.070000,-0.956000,0.216000,192.000000,0.000000,0.000000,0.000000,0.000000,0.000000,0.000000,0.000000,0.000000,0.000000,1629480551.925600
57.000000,-46817.582031,-43702.308594,-43096.933594,-52978.437500,-44747.050781,-53036.238281,-44167.648438,-51263.457031,-0.064000,-0.958000,0.208000,192.000000,254.000000,0.000000,226.000000,16.000000,6.000000,128.000000,0.000000,0.000000,0.000000,1629480551.929602
58.000000,-46872.253906,-43756.710938,-43141.277344,-52992.519531,-44764.015625,-53000.050781,-44174.175781,-51282.992188,-0.064000,-0.958000,0.208000,192.000000,0.000000,0.000000,0.000000,0.000000,0.000000,0.000000,0.000000,0.000000,0.000000,1629480551.934599
59.000000,-46882.691406,-43766.523438,-43148.746094,-52995.648438,-44775.839844,-52986.015625,-44183.273438,-51280.843750,-0.064000,-0.958000,0.208000,192.000000,0.000000,0.000000,0.000000,0.000000,0.000000,0.000000,0.000000,0.000000,0.000000,1629480551.937633
60.000000,-46836.671875,-43721.015625,-43111.417969,-52985.457031,-44766.296875,-53012.054688,-44182.156250,-51260.101563,-0.064000,-0.958000,0.208000,192.000000,0.000000,0.000000,0.000000,0.000000,0.000000,0.000000,0.000000,0.000000,0.000000,1629480551.940638
61.000000,-46795.902344,-43681.476563,-43079.097656,-52972.136719,-44747.945313,-53040.285156,-44172.878906,-51247.273438,-0.064000,-0.958000,0.208000,192.000000,0.000000,0.000000,0.000000,0.000000,0.000000,0.000000,0.000000,0.000000,0.000000,1629480551.945642
62.000000,-46817.605469,-43703.625000,-43095.972656,-52975.554688,-44745.886719,-53029.781250,-44166.867188,-51259.453125,-0.064000,-0.958000,0.208000,192.000000,0.000000,0.000000,0.000000,0.000000,0.000000,0.000000,0.000000,0.000000,0.000000,1629480551.949629
63.000000,-46872.031250,-43757.316406,-43137.546875,-52989.523438,-44759.949219,-52993.839844,-44169.996094,-51277.292969,-0.064000,-0.958000,0.208000,192.000000,0.000000,0.000000,0.000000,0.000000,0.000000,0.000000,0.000000,0.000000,0.000000,1629480551.953629
64.000000,-46881.843750,-43768.714844,-43145.949219,-52995.312500,-44772.019531,-52982.550781,-44178.800781,-51277.515625,-0.064000,-0.958000,0.208000,192.000000,0.000000,0.000000,0.000000,0.000000,0.000000,0.000000,0.000000,0.000000,0.000000,1629480551.957626
65.000000,-46836.871094,-43725.062500,-43111.394531,-52987.402344,-44767.390625,-53011.941406,-44178.914063,-51262.292969,-0.064000,-0.958000,0.208000,192.000000,0.000000,0.000000,0.000000,0.000000,0.000000,0.000000,0.000000,0.000000,0.000000,1629480551.961648
66.000000,-46797.128906,-43684.851563,-43080.617188,-52977.609375,-44753.285156,-53044.109375,-44170.398438,-51255.386719,-0.064000,-0.958000,0.208000,192.000000,0.000000,0.000000,0.000000,0.000000,0.000000,0.000000,0.000000,0.000000,0.000000,1629480551.964653
67.000000,-46814.320313,-43701.210938,-43093.492188,-52977.253906,-44747.675781,-53033.468750,-44163.042969,-51264.015625,-0.056000,-0.958000,0.216000,192.000000,254.000000,64.000000,226.000000,16.000000,6.000000,192.000000,0.000000,0.000000,0.000000,1629480551.968649
68.000000,-46865.437500,-43752.265625,-43132.562500,-52987.648438,-44760.082031,-52996.253906,-44167.539063,-51279.953125,-0.056000,-0.958000,0.216000,192.000000,0.000000,0.000000,0.000000,0.000000,0.000000,0.000000,0.000000,0.000000,0.000000,1629480551.973654
69.000000,-46878.914063,-43765.250000,-43142.417969,-52993.390625,-44772.531250,-52981.054688,-44178.980469,-51281.070313,-0.056000,-0.958000,0.216000,192.000000,0.000000,0.000000,0.000000,0.000000,0.000000,0.000000,0.000000,0.000000,0.000000,1629480551.977680
70.000000,-46834.433594,-43720.835938,-43108.445313,-52986.507813,-44767.660156,-53010.042969,-44182.468750,-51267.167969,-0.056000,-0.958000,0.216000,192.000000,0.000000,0.000000,0.000000,0.000000,0.000000,0.000000,0.000000,0.000000,0.000000,1629480551.981695
71.000000,-46793.531250,-43680.382813,-43077.531250,-52976.402344,-44751.992188,-53044.062500,-44176.121094,-51260.976563,-0.056000,-0.958000,0.216000,192.000000,0.000000,0.000000,0.000000,0.000000,0.000000,0.000000,0.000000,0.000000,0.000000,1629480551.985680
72.000000,-46815.167969,-43701.660156,-43094.542969,-52979.621094,-44752.304688,-53039.480469,-44172.296875,-51274.519531,-0.056000,-0.958000,0.216000,192.000000,0.000000,0.000000,0.000000,0.000000,0.000000,0.000000,0.000000,0.000000,0.000000,1629480551.989683
73.000000,-46866.890625,-43751.707031,-43134.125000,-52990.152344,-44767.457031,-53000.765625,-44173.816406,-51288.914063,-0.056000,-0.958000,0.216000,192.000000,0.000000,0.000000,0.000000,0.000000,0.000000,0.000000,0.000000,0.000000,0.000000,1629480551.993672
74.000000,-46882.691406,-43766.769531,-43146.621094,-52997.929688,-44784.421875,-52987.667969,-44185.394531,-51292.445313,-0.056000,-0.958000,0.216000,192.000000,0.000000,0.000000,0.000000,0.000000,0.000000,0.000000,0.000000,0.000000,0.000000,1629480551.996698
75.000000,-46836.984375,-43723.027344,-43111.281250,-52988.988281,-44777.226563,-53017.152344,-44186.691406,-51276.261719,-0.056000,-0.958000,0.216000,192.000000,0.000000,0.000000,0.000000,0.000000,0.000000,0.000000,0.000000,0.000000,0.000000,1629480552.001796
76.000000,-46792.636719,-43680.292969,-43076.371094,-52975.355469,-44758.003906,-53047.238281,-44176.343750,-51262.761719,-0.060000,-0.952000,0.214000,192.000000,254.000000,32.000000,226.000000,64.000000,6.000000,176.000000,0.000000,0.000000,0.000000,1629480552.005700
77.000000,-46809.199219,-43696.628906,-43088.328125,-52974.816406,-44751.968750,-53037.355469,-44168.429688,-51270.003906,-0.060000,-0.952000,0.214000,192.000000,0.000000,0.000000,0.000000,0.000000,0.000000,0.000000,0.000000,0.000000,0.000000,1629480552.009710
78.000000,-46860.968750,-43747.035156,-43128.539063,-52986.820313,-44765.535156,-52999.382813,-44171.359375,-51285.292969,-0.060000,-0.952000,0.214000,192.000000,0.000000,0.000000,0.000000,0.000000,0.000000,0.000000,0.000000,0.000000,0.000000,1629480552.013704
79.000000,-46877.238281,-43763.371094,-43142.375000,-52995.359375,-44780.757813,-52988.093750,-44182.511719,-51289.562500,-0.060000,-0.952000,0.214000,192.000000,0.000000,0.000000,0.000000,0.000000,0.000000,0.000000,0.000000,0.000000,0.000000,1629480552.016729
80.000000,-46835.082031,-43721.933594,-43109.003906,-52986.640625,-44775.570313,-53016.281250,-44185.082031,-51271.972656,-0.060000,-0.952000,0.214000,192.000000,0.000000,0.000000,0.000000,0.000000,0.000000,0.000000,0.000000,0.000000,0.000000,1629480552.020722
81.000000,-46792.503906,-43680.582031,-43075.921875,-52974.214844,-44758.671875,-53047.324219,-44174.535156,-51259.050781,-0.060000,-0.952000,0.214000,192.000000,0.000000,0.000000,0.000000,0.000000,0.000000,0.000000,0.000000,0.000000,0.000000,1629480552.024725
82.000000,-46806.898438,-43695.246094,-43086.472656,-52972.871094,-44751.007813,-53035.636719,-44164.296875,-51263.500000,-0.060000,-0.952000,0.214000,192.000000,0.000000,0.000000,0.000000,0.000000,0.000000,0.000000,0.000000,0.000000,0.000000,1629480552.028728
83.000000,-46862.777344,-43750.296875,-43129.859375,-52987.042969,-44766.339844,-52999.156250,-44169.816406,-51282.500000,-0.060000,-0.952000,0.214000,192.000000,0.000000,0.000000,0.000000,0.000000,0.000000,0.000000,0.000000,0.000000,0.000000,1629480552.033741
84.000000,-46881.820313,-43768.714844,-43146.800781,-52996.320313,-44782.812500,-52986.976563,-44181.664063,-51286.343750,-0.060000,-0.952000,0.214000,192.000000,0.000000,0.000000,0.000000,0.000000,0.000000,0.000000,0.000000,0.000000,0.000000,1629480552.037768
85.000000,-46839.910156,-43726.468750,-43114.546875,-52988.316406,-44776.644531,-53013.664063,-44184.011719,-51271.191406,-0.060000,-0.952000,0.214000,192.000000,0.000000,0.000000,0.000000,0.000000,0.000000,0.000000,0.000000,0.000000,0.000000,1629480552.040788
86.000000,-46796.148438,-43683.621094,-43079.500000,-52975.777344,-44757.800781,-53045.000000,-44173.996094,-51257.039063,-0.064000,-0.948000,0.220000,192.000000,254.000000,0.000000,226.000000,96.000000,6.000000,224.000000,0.000000,0.000000,0.000000,1629480552.044763
87.000000,-46810.050781,-43698.867188,-43090.453125,-52976.226563,-44752.480469,-53037.378906,-44166.710938,-51263.074219,-0.064000,-0.948000,0.220000,192.000000,0.000000,0.000000,0.000000,0.000000,0.000000,0.000000,0.000000,0.000000,0.000000,1629480552.048750
88.000000,-46863.671875,-43751.996094,-43134.929688,-52988.699219,-44766.921875,-53001.125000,-44170.867188,-51279.234375,-0.064000,-0.948000,0.220000,192.000000,0.000000,0.000000,0.000000,0.000000,0.000000,0.000000,0.000000,0.000000,0.000000,1629480552.052780
89.000000,-46883.027344,-43769.742188,-43151.539063,-52996.140625,-44782.613281,-52985.656250,-44183.027344,-51281.046875,-0.064000,-0.948000,0.220000,192.000000,0.000000,0.000000,0.000000,0.000000,0.000000,0.000000,0.000000,0.000000,0.000000,1629480552.057784
90.000000,-46840.382813,-43727.812500,-43118.324219,-52988.027344,-44778.500000,-53011.226563,-44184.679688,-51265.199219,-0.064000,-0.948000,0.220000,192.000000,0.000000,0.000000,0.000000,0.000000,0.000000,0.000000,0.000000,0.000000,0.000000,1629480552.061775
91.000000,-46794.851563,-43683.062500,-43083.140625,-52975.890625,-44760.664063,-53043.750000,-44175.695313,-51253.507813,-0.064000,-0.948000,0.220000,192.000000,0.000000,0.000000,0.000000,0.000000,0.000000,0.000000,0.000000,0.000000,0.000000,1629480552.065809
92.000000,-46811.121094,-43698.597656,-43095.925781,-52977.074219,-44757.222656,-53038.878906,-44170.531250,-51264.214844,-0.064000,-0.948000,0.220000,192.000000,0.000000,0.000000,0.000000,0.000000,0.000000,0.000000,0.000000,0.000000,0.000000,1629480552.068808
93.000000,-46865.796875,-43752.242188,-43138.285156,-52990.976563,-44770.968750,-53003.718750,-44175.496094,-51280.957031,-0.064000,-0.948000,0.220000,192.000000,0.000000,0.000000,0.000000,0.000000,0.000000,0.000000,0.000000,0.000000,0.000000,1629480552.072814
94.000000,-46881.664063,-43768.738281,-43152.054688,-52997.234375,-44785.226563,-52984.988281,-44184.414063,-51283.101563,-0.064000,-0.948000,0.220000,192.000000,0.000000,0.000000,0.000000,0.000000,0.000000,0.000000,0.000000,0.000000,0.000000,1629480552.076808
95.000000,-46838.726563,-43726.492188,-43118.277344,-52989.523438,-44779.953125,-53010.199219,-44186.828125,-51270.789063,-0.064000,-0.948000,0.220000,192.000000,0.000000,0.000000,0.000000,0.000000,0.000000,0.000000,0.000000,0.000000,0.000000,1629480552.080815
96.000000,-46793.128906,-43680.917969,-43081.734375,-52976.402344,-44758.964844,-53041.402344,-44176.031250,-51257.710938,-0.066000,-0.952000,0.216000,192.000000,253.000000,240.000000,226.000000,64.000000,6.000000,192.000000,0.000000,0.000000,0.000000,1629480552.084833
97.000000,-46806.832031,-43694.886719,-43092.730469,-52976.695313,-44751.789063,-53038.496094,-44166.085938,-51266.093750,-0.066000,-0.952000,0.216000,192.000000,0.000000,0.000000,0.000000,0.000000,0.000000,0.000000,0.000000,0.000000,0.000000,1629480552.089833
98.000000,-46858.730469,-43746.855469,-43133.433594,-52988.652344,-44763.097656,-53002.464844,-44167.761719,-51284.199219,-0.066000,-0.952000,0.216000,192.000000,0.000000,0.000000,0.000000,0.000000,0.000000,0.000000,0.000000,0.000000,0.000000,1629480552.093828
99.000000,-46877.640625,-43765.875000,-43147.558594,-52995.246094,-44778.253906,-52983.667969,-44179.046875,-51287.437500,-0.066000,-0.952000,0.216000,192.000000,0.000000,0.000000,0.000000,0.000000,0.000000,0.000000,0.000000,0.000000,0.000000,1629480552.096828
100.000000,-46836.714844,-43725.062500,-43114.011719,-52985.835938,-44772.597656,-53008.746094,-44180.925781,-51271.078125,-0.066000,-0.952000,0.216000,192.000000,0.000000,0.000000,0.000000,0.000000,0.000000,0.000000,0.000000,0.000000,0.000000,1629480552.100844
101.000000,-46790.714844,-43680.468750,-43077.957031,-52974.839844,-44755.140625,-53043.792969,-44171.203125,-51258.562500,-0.066000,-0.952000,0.216000,192.000000,0.000000,0.000000,0.000000,0.000000,0.000000,0.000000,0.000000,0.000000,0.000000,1629480552.104860
102.000000,-46803.703125,-43693.726563,-43088.484375,-52976.558594,-44750.558594,-53041.222656,-44163.894531,-51267.097656,-0.066000,-0.952000,0.216000,192.000000,0.000000,0.000000,0.000000,0.000000,0.000000,0.000000,0.000000,0.000000,0.000000,1629480552.108871
103.000000,-46857.324219,-43746.742188,-43130.191406,-52988.496094,-44764.597656,-53004.703125,-44167.605469,-51285.023438,-0.066000,-0.952000,0.216000,192.000000,0.000000,0.000000,0.000000,0.000000,0.000000,0.000000,0.000000,0.000000,0.000000,1629480552.112857
104.000000,-46878.179688,-43767.105469,-43148.074219,-52995.625000,-44780.265625,-52986.531250,-44179.761719,-51288.019531,-0.066000,-0.952000,0.216000,192.000000,0.000000,0.000000,0.000000,0.000000,0.000000,0.000000,0.000000,0.000000,0.000000,1629480552.117853
105.000000,-46838.906250,-43727.207031,-43117.898438,-52987.714844,-44776.488281,-53010.222656,-44182.601563,-51271.054688,-0.066000,-0.952000,0.216000,192.000000,0.000000,0.000000,0.000000,0.000000,0.000000,0.000000,0.000000,0.000000,0.000000,1629480552.121878
106.000000,-46795.253906,-43682.863281,-43083.542969,-52977.031250,-44759.457031,-53046.207031,-44173.972656,-51259.320313,-0.066000,-0.958000,0.214000,192.000000,253.000000,240.000000,226.000000,16.000000,6.000000,176.000000,0.000000,0.000000,0.000000,1629480552.124884
107.000000,-46807.234375,-43694.550781,-43091.972656,-52977.566406,-44752.503906,-53042.812500,-44166.308594,-51268.039063,-0.066000,-0.958000,0.214000,192.000000,0.000000,0.000000,0.000000,0.000000,0.000000,0.000000,0.000000,0.000000,0.000000,1629480552.128883
108.000000,-46860.453125,-43748.488281,-43134.304688,-52990.218750,-44766.898438,-53006.781250,-44171.136719,-51287.820313,-0.066000,-0.958000,0.214000,192.000000,0.000000,0.000000,0.000000,0.000000,0.000000,0.000000,0.000000,0.000000,0.000000,1629480552.132885
109.000000,-46882.917969,-43771.128906,-43153.750000,-52999.628906,-44783.820313,-52989.078125,-44185.082031,-51293.789063,-0.066000,-0.958000,0.214000,192.000000,0.000000,0.000000,0.000000,0.000000,0.000000,0.000000,0.000000,0.000000,0.000000,1629480552.136893
110.000000,-46841.789063,-43730.269531,-43120.468750,-52990.218750,-44777.605469,-53013.062500,-44186.648438,-51276.152344,-0.066000,-0.958000,0.214000,192.000000,0.000000,0.000000,0.000000,0.000000,0.000000,0.000000,0.000000,0.000000,0.000000,1629480552.140910
111.000000,-46794.023438,-43683.085938,-43081.710938,-52975.824219,-44758.406250,-53046.945313,-44174.488281,-51260.257813,-0.066000,-0.958000,0.214000,192.000000,0.000000,0.000000,0.000000,0.000000,0.000000,0.000000,0.000000,0.000000,0.000000,1629480552.145920
112.000000,-46804.039063,-43694.058594,-43090.695313,-52976.558594,-44751.453125,-53046.632813,-44165.613281,-51266.765625,-0.066000,-0.958000,0.214000,192.000000,0.000000,0.000000,0.000000,0.000000,0.000000,0.000000,0.000000,0.000000,0.000000,1629480552.148905
113.000000,-46854.707031,-43745.894531,-43131.085938,-52989.347656,-44763.144531,-53011.472656,-44169.503906,-51284.132813,-0.066000,-0.958000,0.214000,192.000000,0.000000,0.000000,0.000000,0.000000,0.000000,0.000000,0.000000,0.000000,0.000000,1629480552.152916
114.000000,-46878.984375,-43770.367188,-43151.226563,-53000.589844,-44780.132813,-52993.882813,-44182.648438,-51291.507813,-0.066000,-0.958000,0.214000,192.000000,0.000000,0.000000,0.000000,0.000000,0.000000,0.000000,0.000000,0.000000,0.000000,1629480552.156904
115.000000,-46840.582031,-43732.082031,-43122.750000,-52994.308594,-44778.410156,-53017.242188,-44185.597656,-51277.000000,-0.066000,-0.958000,0.214000,192.000000,0.000000,0.000000,0.000000,0.000000,0.000000,0.000000,0.000000,0.000000,0.000000,1629480552.160933
116.000000,-46794.449219,-43686.574219,-43086.808594,-52982.863281,-44762.921875,-53053.273438,-44177.171875,-51262.203125,-0.062000,-0.950000,0.214000,192.000000,254.000000,16.000000,226.000000,80.000000,6.000000,176.000000,0.000000,0.000000,0.000000,1629480552.164936
117.000000,-46803.300781,-43695.246094,-43092.417969,-52981.164063,-44754.828125,-53050.613281,-44167.066406,-51266.070313,-0.062000,-0.950000,0.214000,192.000000,0.000000,0.000000,0.000000,0.000000,0.000000,0.000000,0.000000,0.000000,0.000000,1629480552.168948
118.000000,-46857.835938,-43750.050781,-43136.136719,-52994.171875,-44768.710938,-53014.917969,-44170.308594,-51282.992188,-0.062000,-0.950000,0.214000,192.000000,0.000000,0.000000,0.000000,0.000000,0.000000,0.000000,0.000000,0.000000,0.000000,1629480552.173941
119.000000,-46881.957031,-43774.148438,-43156.433594,-53003.496094,-44785.898438,-52995.023438,-44184.210938,-51287.707031,-0.062000,-0.950000,0.214000,192.000000,0.000000,0.000000,0.000000,0.000000,0.000000,0.000000,0.000000,0.000000,0.000000,1629480552.176932
120.000000,-46844.425781,-43736.617188,-43127.980469,-52996.296875,-44784.156250,-53016.882813,-44188.683594,-51272.710938,-0.062000,-0.950000,0.214000,192.000000,0.000000,0.000000,0.000000,0.000000,0.000000,0.000000,0.000000,0.000000,0.000000,1629480552.180957
121.000000,-46795.765625,-43688.425781,-43090.226563,-52983.511719,-44766.699219,-53052.109375,-44180.769531,-51258.023438,-0.062000,-0.950000,0.214000,192.000000,0.000000,0.000000,0.000000,0.000000,0.000000,0.000000,0.000000,0.000000,0.000000,1629480552.184951
122.000000,-46801.445313,-43695.468750,-43093.804688,-52981.410156,-44755.812500,-53049.652344,-44168.320313,-51262.093750,-0.062000,-0.950000,0.214000,192.000000,0.000000,0.000000,0.000000,0.000000,0.000000,0.000000,0.000000,0.000000,0.000000,1629480552.188967
123.000000,-46854.730469,-43748.398438,-43136.453125,-52994.015625,-44769.738281,-53012.816406,-44170.441406,-51279.414063,-0.062000,-0.950000,0.214000,192.000000,0.000000,0.000000,0.000000,0.000000,0.000000,0.000000,0.000000,0.000000,0.000000,1629480552.192964
124.000000,-46879.070313,-43772.000000,-43156.054688,-53001.304688,-44782.878906,-52990.531250,-44181.261719,-51283.574219,-0.062000,-0.950000,0.214000,192.000000,0.000000,0.000000,0.000000,0.000000,0.000000,0.000000,0.000000,0.000000,0.000000,1629480552.197007
125.000000,-46842.101563,-43734.695313,-43125.433594,-52992.562500,-44779.527344,-53011.070313,-44181.484375,-51268.886719,-0.062000,-0.950000,0.214000,192.000000,0.000000,0.000000,0.000000,0.000000,0.000000,0.000000,0.000000,0.000000,0.000000,1629480552.201993
126.000000,-46792.035156,-43686.503906,-43084.125000,-52978.394531,-44761.175781,-53043.570313,-44169.996094,-51255.363281,-0.060000,-0.954000,0.206000,192.000000,254.000000,32.000000,226.000000,48.000000,6.000000,112.000000,0.000000,0.000000,0.000000,1629480552.204983
127.000000,-46799.855469,-43695.378906,-43090.207031,-52977.320313,-44753.085938,-53044.843750,-44161.882813,-51264.417969,-0.060000,-0.954000,0.206000,192.000000,0.000000,0.000000,0.000000,0.000000,0.000000,0.000000,0.000000,0.000000,0.000000,1629480552.208984
128.000000,-46853.457031,-43747.792969,-43132.496094,-52990.261719,-44764.128906,-53010.335938,-44164.250000,-51284.398438,-0.060000,-0.954000,0.206000,192.000000,0.000000,0.000000,0.000000,0.000000,0.000000,0.000000,0.000000,0.000000,0.000000,1629480552.212976
129.000000,-46876.613281,-43770.125000,-43150.734375,-52998.019531,-44778.925781,-52985.566406,-44175.179688,-51288.042969,-0.060000,-0.954000,0.206000,192.000000,0.000000,0.000000,0.000000,0.000000,0.000000,0.000000,0.000000,0.000000,0.000000,1629480552.217010
130.000000,-46840.222656,-43734.179688,-43121.476563,-52990.867188,-44775.148438,-53005.929688,-44179.761719,-51272.238281,-0.060000,-0.954000,0.206000,192.000000,0.000000,0.000000,0.000000,0.000000,0.000000,0.000000,0.000000,0.000000,0.000000,1629480552.221005
131.000000,-46792.347656,-43687.132813,-43083.253906,-52978.593750,-44758.339844,-53043.929688,-44170.578125,-51257.914063,-0.060000,-0.954000,0.206000,192.000000,0.000000,0.000000,0.000000,0.000000,0.000000,0.000000,0.000000,0.000000,0.000000,1629480552.225044
132.000000,-46795.140625,-43690.171875,-43084.906250,-52974.191406,-44747.453125,-53043.035156,-44159.714844,-51260.527344,-0.060000,-0.954000,0.206000,192.000000,0.000000,0.000000,0.000000,0.000000,0.000000,0.000000,0.000000,0.000000,0.000000,1629480552.229176
133.000000,-46845.386719,-43740.460938,-43126.035156,-52984.785156,-44760.058594,-53008.121094,-44162.777344,-51278.902344,-0.060000,-0.954000,0.206000,192.000000,0.000000,0.000000,0.000000,0.000000,0.000000,0.000000,0.000000,0.000000,0.000000,1629480552.232022
134.000000,-46872.367188,-43769.496094,-43147.871094,-52994.890625,-44777.269531,-52986.550781,-44174.511719,-51286.613281,-0.060000,-0.954000,0.206000,192.000000,0.000000,0.000000,0.000000,0.000000,0.000000,0.000000,0.000000,0.000000,0.000000,1629480552.236031
135.000000,-46836.871094,-43735.632813,-43119.777344,-52988.519531,-44776.398438,-53006.445313,-44179.496094,-51273.691406,-0.062000,-0.954000,0.214000,192.000000,254.000000,16.000000,226.000000,48.000000,6.000000,176.000000,0.000000,0.000000,0.000000,1629480552.241036
136.000000,-46788.121094,-43687.019531,-43081.242188,-52976.136719,-44758.203125,-53042.675781,-44171.335938,-51260.015625,-0.062000,-0.954000,0.214000,192.000000,0.000000,0.000000,0.000000,0.000000,0.000000,0.000000,0.000000,0.000000,0.000000,1629480552.245036
137.000000,-46794.359375,-43692.203125,-43086.046875,-52974.683594,-44748.234375,-53045.070313,-44163.000000,-51263.878906,-0.062000,-0.954000,0.214000,192.000000,0.000000,0.000000,0.000000,0.000000,0.000000,0.000000,0.000000,0.000000,0.000000,1629480552.249032
138.000000,-46845.296875,-43741.625000,-43125.453125,-52985.078125,-44758.093750,-53009.843750,-44163.847656,-51279.570313,-0.062000,-0.954000,0.214000,192.000000,0.000000,0.000000,0.000000,0.000000,0.000000,0.000000,0.000000,0.000000,0.000000,1629480552.253044
139.000000,-46873.195313,-43769.117188,-43148.117188,-52995.871094,-44775.414063,-52986.460938,-44173.839844,-51284.781250,-0.062000,-0.954000,0.214000,192.000000,0.000000,0.000000,0.000000,0.000000,0.000000,0.000000,0.000000,0.000000,0.000000,1629480552.257067
140.000000,-46841.296875,-43737.691406,-43124.312500,-52992.320313,-44778.121094,-53007.250000,-44180.210938,-51271.816406,-0.062000,-0.954000,0.214000,192.000000,0.000000,0.000000,0.000000,0.000000,0.000000,0.000000,0.000000,0.000000,0.000000,1629480552.260089
141.000000,-46790.761719,-43688.023438,-43085.066406,-52978.593750,-44761.445313,-53043.503906,-44173.484375,-51257.175781,-0.062000,-0.954000,0.214000,192.000000,0.000000,0.000000,0.000000,0.000000,0.000000,0.000000,0.000000,0.000000,0.000000,1629480552.264074
142.000000,-46794.023438,-43691.066406,-43086.875000,-52975.488281,-44750.984375,-53044.062500,-44164.183594,-51258.718750,-0.062000,-0.954000,0.214000,192.000000,0.000000,0.000000,0.000000,0.000000,0.000000,0.000000,0.000000,0.000000,0.000000,1629480552.269073
143.000000,-46844.851563,-43742.429688,-43128.515625,-52987.019531,-44763.925781,-53009.417969,-44167.023438,-51276.554688,-0.062000,-0.954000,0.214000,192.000000,0.000000,0.000000,0.000000,0.000000,0.000000,0.000000,0.000000,0.000000,0.000000,1629480552.273063
144.000000,-46873.707031,-43772.515625,-43152.925781,-52996.410156,-44782.636719,-52986.976563,-44179.136719,-51284.445313,-0.062000,-0.954000,0.214000,192.000000,0.000000,0.000000,0.000000,0.000000,0.000000,0.000000,0.000000,0.000000,0.000000,1629480552.277094
145.000000,-46841.230469,-43740.304688,-43127.734375,-52991.425781,-44782.792969,-53005.507813,-44184.503906,-51269.355469,-0.062000,-0.956000,0.216000,192.000000,254.000000,16.000000,226.000000,32.000000,6.000000,192.000000,0.000000,0.000000,0.000000,1629480552.281094
146.000000,-46790.023438,-43690.125000,-43087.144531,-52979.265625,-44763.636719,-53039.480469,-44174.355469,-51252.414063,-0.062000,-0.956000,0.216000,192.000000,0.000000,0.000000,0.000000,0.000000,0.000000,0.000000,0.000000,0.000000,0.000000,1629480552.284091
147.000000,-46789.621094,-43690.417969,-43086.605469,-52976.449219,-44751.343750,-53041.605469,-44160.988281,-51254.222656,-0.062000,-0.956000,0.216000,192.000000,0.000000,0.000000,0.000000,0.000000,0.000000,0.000000,0.000000,0.000000,0.000000,1629480552.288102
148.000000,-46840.222656,-43740.664063,-43126.394531,-52987.066406,-44761.890625,-53008.679688,-44161.546875,-51271.324219,-0.062000,-0.956000,0.216000,192.000000,0.000000,0.000000,0.000000,0.000000,0.000000,0.000000,0.000000,0.000000,0.000000,1629480552.292101
149.000000,-46872.589844,-43773.410156,-43152.902344,-52998.464844,-44781.359375,-52985.746094,-44175.292969,-51282.187500,-0.062000,-0.956000,0.216000,192.000000,0.000000,0.000000,0.000000,0.000000,0.000000,0.000000,0.000000,0.000000,0.000000,1629480552.296120
150.000000,-46841.273438,-43742.718750,-43128.941406,-52993.972656,-44780.867188,-53004.835938,-44182.558594,-51269.402344,-0.062000,-0.956000,0.216000,192.000000,0.000000,0.000000,0.000000,0.000000,0.000000,0.000000,0.000000,0.000000,0.000000,1629480552.301115
151.000000,-46791.386719,-43693.097656,-43089.445313,-52982.148438,-44765.265625,-53041.558594,-44175.875000,-51254.871094,-0.062000,-0.956000,0.216000,192.000000,0.000000,0.000000,0.000000,0.000000,0.000000,0.000000,0.000000,0.000000,0.000000,1629480552.305124
152.000000,-46792.191406,-43693.457031,-43087.835938,-52977.812500,-44754.136719,-53046.187500,-44163.042969,-51256.035156,-0.062000,-0.956000,0.216000,192.000000,0.000000,0.000000,0.000000,0.000000,0.000000,0.000000,0.000000,0.000000,0.000000,1629480552.309124
153.000000,-46842.460938,-43743.906250,-43126.882813,-52987.421875,-44762.695313,-53012.769531,-44162.261719,-51271.480469,-0.062000,-0.956000,0.216000,192.000000,0.000000,0.000000,0.000000,0.000000,0.000000,0.000000,0.000000,0.000000,0.000000,1629480552.313130
154.000000,-46873.371094,-43774.347656,-43151.406250,-52996.812500,-44778.902344,-52986.687500,-44171.671875,-51276.820313,-0.062000,-0.956000,0.216000,192.000000,0.000000,0.000000,0.000000,0.000000,0.000000,0.000000,0.000000,0.000000,0.000000,1629480552.316163
155.000000,-46842.839844,-43743.031250,-43127.957031,-52992.273438,-44777.738281,-53003.984375,-44177.238281,-51265.175781,-0.066000,-0.952000,0.208000,192.000000,253.000000,240.000000,226.000000,64.000000,6.000000,128.000000,0.000000,0.000000,0.000000,1629480552.320143
156.000000,-46786.179688,-43688.003906,-43082.984375,-52975.757813,-44754.539063,-53036.730469,-44166.195313,-51248.769531,-0.066000,-0.952000,0.208000,192.000000,0.000000,0.000000,0.000000,0.000000,0.000000,0.000000,0.000000,0.000000,0.000000,1629480552.324150
157.000000,-46784.902344,-43686.953125,-43082.359375,-52973.117188,-44744.257813,-53040.890625,-44157.078125,-51253.105469,-0.066000,-0.952000,0.208000,192.000000,0.000000,0.000000,0.000000,0.000000,0.000000,0.000000,0.000000,0.000000,0.000000,1629480552.329149
158.000000,-46835.664063,-43736.527344,-43122.816406,-52983.847656,-44755.476563,-53008.792969,-44158.531250,-51273.359375,-0.066000,-0.952000,0.208000,192.000000,0.000000,0.000000,0.000000,0.000000,0.000000,0.000000,0.000000,0.000000,0.000000,1629480552.333161
159.000000,-46867.160156,-43768.378906,-43148.789063,-52994.261719,-44772.421875,-52985.300781,-44169.460938,-51284.914063,-0.066000,-0.952000,0.208000,192.000000,0.000000,0.000000,0.000000,0.000000,0.000000,0.000000,0.000000,0.000000,0.000000,1629480552.336167
160.000000,-46835.976563,-43736.820313,-43123.824219,-52987.312500,-44771.593750,-53000.835938,-44173.953125,-51268.933594,-0.066000,-0.952000,0.208000,192.000000,0.000000,0.000000,0.000000,0.000000,0.000000,0.000000,0.000000,0.000000,0.000000,1629480552.340175
161.000000,-46784.792969,-43686.281250,-43084.261719,-52973.363281,-44754.582031,-53037.402344,-44168.183594,-51251.609375,-0.066000,-0.952000,0.208000,192.000000,0.000000,0.000000,0.000000,0.000000,0.000000,0.000000,0.000000,0.000000,0.000000,1629480552.344172
162.000000,-46783.652344,-43685.277344,-43084.125000,-52970.906250,-44745.644531,-53044.128906,-44159.042969,-51257.019531,-0.066000,-0.952000,0.208000,192.000000,0.000000,0.000000,0.000000,0.000000,0.000000,0.000000,0.000000,0.000000,0.000000,1629480552.348187
163.000000,-46832.625000,-43733.242188,-43123.867188,-52982.484375,-44757.332031,-53011.718750,-44160.609375,-51275.882813,-0.066000,-0.952000,0.208000,192.000000,0.000000,0.000000,0.000000,0.000000,0.000000,0.000000,0.000000,0.000000,0.000000,1629480552.352207
164.000000,-46867.785156,-43769.339844,-43151.136719,-52994.015625,-44775.726563,-52986.574219,-44171.628906,-51285.003906,-0.066000,-0.952000,0.208000,192.000000,0.000000,0.000000,0.000000,0.000000,0.000000,0.000000,0.000000,0.000000,0.000000,1629480552.357187
165.000000,-46839.441406,-43741.511719,-43125.945313,-52987.980469,-44773.382813,-53000.679688,-44175.671875,-51270.273438,-0.060000,-0.952000,0.210000,192.000000,254.000000,32.000000,226.000000,64.000000,6.000000,144.000000,0.000000,0.000000,0.000000,1629480552.361196
166.000000,-46787.921875,-43690.214844,-43086.160156,-52975.843750,-44758.562500,-53038.074219,-44169.593750,-51255.609375,-0.060000,-0.952000,0.210000,192.000000,0.000000,0.000000,0.000000,0.000000,0.000000,0.000000,0.000000,0.000000,0.000000,1629480552.364187
167.000000,-46783.964844,-43686.996094,-43084.304688,-52972.359375,-44748.011719,-53045.359375,-44157.433594,-51258.203125,-0.060000,-0.952000,0.210000,192.000000,0.000000,0.000000,0.000000,0.000000,0.000000,0.000000,0.000000,0.000000,0.000000,1629480552.368204
168.000000,-46833.050781,-43736.082031,-43121.410156,-52981.500000,-44756.058594,-53011.875000,-44155.734375,-51274.609375,-0.060000,-0.952000,0.210000,192.000000,0.000000,0.000000,0.000000,0.000000,0.000000,0.000000,0.000000,0.000000,0.000000,1629480552.372222
169.000000,-46868.679688,-43771.015625,-43148.835938,-52992.273438,-44773.804688,-52985.812500,-44167.468750,-51283.750000,-0.060000,-0.952000,0.210000,192.000000,0.000000,0.000000,0.000000,0.000000,0.000000,0.000000,0.000000,0.000000,0.000000,1629480552.376264
170.000000,-46841.320313,-43742.699219,-43127.800781,-52989.187500,-44775.148438,-53001.707031,-44174.890625,-51271.121094,-0.060000,-0.952000,0.210000,192.000000,0.000000,0.000000,0.000000,0.000000,0.000000,0.000000,0.000000,0.000000,0.000000,1629480552.380230
171.000000,-46788.191406,-43689.074219,-43085.488281,-52976.316406,-44755.542969,-53037.378906,-44166.843750,-51251.855469,-0.060000,-0.952000,0.210000,192.000000,0.000000,0.000000,0.000000,0.000000,0.000000,0.000000,0.000000,0.000000,0.000000,1629480552.385224
172.000000,-46783.851563,-43684.425781,-43083.925781,-52972.605469,-44745.082031,-53044.285156,-44157.078125,-51252.703125,-0.060000,-0.952000,0.210000,192.000000,0.000000,0.000000,0.000000,0.000000,0.000000,0.000000,0.000000,0.000000,0.000000,1629480552.389221
173.000000,-46832.425781,-43732.347656,-43122.660156,-52982.281250,-44752.839844,-53010.757813,-44157.902344,-51269.066406,-0.060000,-0.952000,0.210000,192.000000,0.000000,0.000000,0.000000,0.000000,0.000000,0.000000,0.000000,0.000000,0.000000,1629480552.392242
174.000000,-46868.277344,-43767.261719,-43150.109375,-52992.339844,-44771.414063,-52984.027344,-44169.304688,-51278.027344,-0.060000,-0.952000,0.210000,192.000000,0.000000,0.000000,0.000000,0.000000,0.000000,0.000000,0.000000,0.000000,0.000000,1629480552.396243
175.000000,-46841.992188,-43741.222656,-43130.082031,-52989.636719,-44774.164063,-52999.761719,-44176.546875,-51265.824219,-0.058000,-0.954000,0.214000,192.000000,254.000000,48.000000,226.000000,48.000000,6.000000,176.000000,0.000000,0.000000,0.000000,1629480552.401241
176.000000,-46790.960938,-43691.289063,-43089.804688,-52977.746094,-44758.515625,-53037.378906,-44170.777344,-51249.910156,-0.058000,-0.954000,0.214000,192.000000,0.000000,0.000000,0.000000,0.000000,0.000000,0.000000,0.000000,0.000000,0.000000,1629480552.405258
177.000000,-46784.480469,-43684.648438,-43083.859375,-52972.312500,-44745.820313,-53046.277344,-44160.496094,-51251.519531,-0.058000,-0.954000,0.214000,192.000000,0.000000,0.000000,0.000000,0.000000,0.000000,0.000000,0.000000,0.000000,0.000000,1629480552.408289
178.000000,-46833.093750,-43732.750000,-43121.007813,-52981.656250,-44752.972656,-53014.937500,-44161.054688,-51269.714844,-0.058000,-0.954000,0.214000,192.000000,0.000000,0.000000,0.000000,0.000000,0.000000,0.000000,0.000000,0.000000,0.000000,1629480552.413280
179.000000,-46869.503906,-43769.429688,-43149.750000,-52994.152344,-44770.027344,-52986.687500,-44171.000000,-51279.414063,-0.058000,-0.954000,0.214000,192.000000,0.000000,0.000000,0.000000,0.000000,0.000000,0.000000,0.000000,0.000000,0.000000,1629480552.416274
180.000000,-46844.941406,-43745.199219,-43130.707031,-52990.621094,-44773.714844,-52999.246094,-44177.976563,-51267.792969,-0.058000,-0.954000,0.214000,192.000000,0.000000,0.000000,0.000000,0.000000,0.000000,0.000000,0.000000,0.000000,0.000000,1629480552.419274
181.000000,-46791.566406,-43692.382813,-43087.566406,-52976.695313,-44756.281250,-53035.414063,-44169.750000,-51249.843750,-0.058000,-0.954000,0.214000,192.000000,0.000000,0.000000,0.000000,0.000000,0.000000,0.000000,0.000000,0.000000,0.000000,1629480552.424273
182.000000,-46783.875000,-43685.320313,-43080.863281,-52971.933594,-44743.339844,-53043.839844,-44157.812500,-51250.761719,-0.058000,-0.954000,0.214000,192.000000,0.000000,0.000000,0.000000,0.000000,0.000000,0.000000,0.000000,0.000000,0.000000,1629480552.428299
183.000000,-46830.589844,-43731.679688,-43117.140625,-52980.671875,-44750.113281,-53011.316406,-44155.734375,-51268.082031,-0.058000,-0.954000,0.214000,192.000000,0.000000,0.000000,0.000000,0.000000,0.000000,0.000000,0.000000,0.000000,0.000000,1629480552.432304
184.000000,-46869.011719,-43769.339844,-43147.066406,-52992.675781,-44767.011719,-52984.449219,-44167.515625,-51279.167969,-0.058000,-0.954000,0.214000,192.000000,0.000000,0.000000,0.000000,0.000000,0.000000,0.000000,0.000000,0.000000,0.000000,1629480552.436304
185.000000,-46840.671875,-43742.183594,-43126.640625,-52989.433594,-44767.570313,-52997.750000,-44173.191406,-51268.933594,-0.064000,-0.958000,0.212000,192.000000,254.000000,0.000000,226.000000,16.000000,6.000000,160.000000,0.000000,0.000000,0.000000,1629480552.441310
186.000000,-46786.914063,-43689.632813,-43084.015625,-52976.875000,-44750.894531,-53034.339844,-44165.929688,-51252.929688,-0.064000,-0.958000,0.212000,192.000000,0.000000,0.000000,0.000000,0.000000,0.000000,0.000000,0.000000,0.000000,0.000000,1629480552.444309
187.000000,-46778.957031,-43681.117188,-43076.078125,-52971.488281,-44737.820313,-53041.894531,-44154.417969,-51251.988281,-0.064000,-0.958000,0.212000,192.000000,0.000000,0.000000,0.000000,0.000000,0.000000,0.000000,0.000000,0.000000,0.000000,1629480552.447334
188.000000,-46825.203125,-43726.605469,-43111.683594,-52979.152344,-44746.582031,-53010.601563,-44154.863281,-51267.167969,-0.064000,-0.958000,0.212000,192.000000,0.000000,0.000000,0.000000,0.000000,0.000000,0.000000,0.000000,0.000000,0.000000,1629480552.452321
189.000000,-46862.015625,-43761.718750,-43141.191406,-52989.011719,-44763.457031,-52980.070313,-44164.964844,-51278.027344,-0.064000,-0.958000,0.212000,192.000000,0.000000,0.000000,0.000000,0.000000,0.000000,0.000000,0.000000,0.000000,0.000000,1629480552.456327
190.000000,-46839.242188,-43739.253906,-43124.984375,-52988.921875,-44767.996094,-52995.335938,-44172.902344,-51270.363281,-0.064000,-0.958000,0.212000,192.000000,0.000000,0.000000,0.000000,0.000000,0.000000,0.000000,0.000000,0.000000,0.000000,1629480552.460327
191.000000,-46784.480469,-43685.878906,-43082.250000,-52973.902344,-44751.140625,-53030.785156,-44165.210938,-51252.257813,-0.064000,-0.958000,0.212000,192.000000,0.000000,0.000000,0.000000,0.000000,0.000000,0.000000,0.000000,0.000000,0.000000,1629480552.464322
192.000000,-46776.074219,-43677.878906,-43076.101563,-52967.531250,-44739.363281,-53040.730469,-44156.316406,-51252.480469,-0.064000,-0.958000,0.212000,192.000000,0.000000,0.000000,0.000000,0.000000,0.000000,0.000000,0.000000,0.000000,0.000000,1629480552.469362
193.000000,-46822.769531,-43724.101563,-43112.960938,-52976.113281,-44746.851563,-53009.843750,-44156.496094,-51269.132813,-0.064000,-0.958000,0.212000,192.000000,0.000000,0.000000,0.000000,0.000000,0.000000,0.000000,0.000000,0.000000,0.000000,1629480552.472353
194.000000,-46862.621094,-43763.171875,-43142.242188,-52987.757813,-44764.441406,-52979.914063,-44166.218750,-51278.097656,-0.062000,-0.958000,0.206000,192.000000,254.000000,16.000000,226.000000,16.000000,6.000000,112.000000,0.000000,0.000000,0.000000,1629480552.475368
195.000000,-46841.566406,-43741.492188,-43124.917969,-52986.976563,-44768.554688,-52993.054688,-44173.281250,-51268.863281,-0.062000,-0.958000,0.206000,192.000000,0.000000,0.000000,0.000000,0.000000,0.000000,0.000000,0.000000,0.000000,0.000000,1629480552.480347
196.000000,-46787.609375,-43688.472656,-43083.410156,-52973.968750,-44751.656250,-53030.695313,-44166.957031,-51251.832031,-0.062000,-0.958000,0.206000,192.000000,0.000000,0.000000,0.000000,0.000000,0.000000,0.000000,0.000000,0.000000,0.000000,1629480552.484382
197.000000,-46779.027344,-43679.507813,-43077.039063,-52967.867188,-44740.972656,-53042.230469,-44156.851563,-51249.441406,-0.062000,-0.958000,0.206000,192.000000,0.000000,0.000000,0.000000,0.000000,0.000000,0.000000,0.000000,0.000000,0.000000,1629480552.488373
198.000000,-46825.496094,-43726.136719,-43113.453125,-52978.035156,-44748.437500,-53010.847656,-44154.996094,-51265.644531,-0.062000,-0.958000,0.206000,192.000000,0.000000,0.000000,0.000000,0.000000,0.000000,0.000000,0.000000,0.000000,0.000000,1629480552.492376
199.000000,-46863.695313,-43765.472656,-43144.855469,-52991.894531,-44767.437500,-52981.277344,-44166.015625,-51279.550781,-0.062000,-0.958000,0.206000,192.000000,0.000000,0.000000,0.000000,0.000000,0.000000,0.000000,0.000000,0.000000,0.000000,1629480552.497385
200.000000,-46842.707031,-43744.351563,-43129.789063,-52991.535156,-44771.636719,-52995.246094,-44176.187500,-51272.554688,-0.062000,-0.958000,0.206000,192.000000,0.000000,0.000000,0.000000,0.000000,0.000000,0.000000,0.000000,0.000000,0.000000,1629480552.500404
201.000000,-46791.007813,-43691.535156,-43087.949219,-52977.632813,-44754.695313,-53031.882813,-44171.449219,-51252.906250,-0.062000,-0.958000,0.206000,192.000000,0.000000,0.000000,0.000000,0.000000,0.000000,0.000000,0.000000,0.000000,0.000000,1629480552.503412
202.000000,-46778.625000,-43679.195313,-43077.554688,-52969.296875,-44738.804688,-53041.179688,-44159.578125,-51249.261719,-0.062000,-0.958000,0.206000,192.000000,0.000000,0.000000,0.000000,0.000000,0.000000,0.000000,0.000000,0.000000,0.000000,1629480552.508408
203.000000,-46824.710938,-43724.414063,-43113.718750,-52978.191406,-44745.910156,-53012.769531,-44156.675781,-51265.757813,-0.062000,-0.958000,0.206000,192.000000,0.000000,0.000000,0.000000,0.000000,0.000000,0.000000,0.000000,0.000000,0.000000,1629480552.512414
204.000000,-46866.621094,-43765.273438,-43146.332031,-52991.468750,-44765.222656,-52983.757813,-44167.113281,-51277.960938,-0.062000,-0.960000,0.210000,192.000000,254.000000,16.000000,226.000000,0.000000,6.000000,144.000000,0.000000,0.000000,0.000000,1629480552.516400
205.000000,-46844.628906,-43744.238281,-43130.730469,-52989.324219,-44770.207031,-52995.000000,-44174.289063,-51269.468750,-0.062000,-0.960000,0.210000,192.000000,0.000000,0.000000,0.000000,0.000000,0.000000,0.000000,0.000000,0.000000,0.000000,1629480552.520433
206.000000,-46791.675781,-43692.093750,-43090.136719,-52976.875000,-44757.042969,-53031.859375,-44169.125000,-51254.648438,-0.062000,-0.960000,0.210000,192.000000,0.000000,0.000000,0.000000,0.000000,0.000000,0.000000,0.000000,0.000000,0.000000,1629480552.524427
207.000000,-46780.164063,-43681.273438,-43080.660156,-52970.527344,-44744.859375,-53044.085938,-44157.679688,-51252.750000,-0.062000,-0.960000,0.210000,192.000000,0.000000,0.000000,0.000000,0.000000,0.000000,0.000000,0.000000,0.000000,0.000000,1629480552.527423
208.000000,-46826.164063,-43726.449219,-43117.316406,-52980.269531,-44751.789063,-53016.457031,-44158.039063,-51267.500000,-0.062000,-0.960000,0.210000,192.000000,0.000000,0.000000,0.000000,0.000000,0.000000,0.000000,0.000000,0.000000,0.000000,1629480552.531444
209.000000,-46865.816406,-43765.742188,-43148.855469,-52990.351563,-44769.335938,-52985.523438,-44168.476563,-51278.296875,-0.062000,-0.960000,0.210000,192.000000,0.000000,0.000000,0.000000,0.000000,0.000000,0.000000,0.000000,0.000000,0.000000,1629480552.536454
210.000000,-46846.148438,-43747.210938,-43132.562500,-52987.089844,-44772.777344,-52993.972656,-44173.214844,-51268.261719,-0.062000,-0.960000,0.210000,192.000000,0.000000,0.000000,0.000000,0.000000,0.000000,0.000000,0.000000,0.000000,0.000000,1629480552.540466
211.000000,-46793.621094,-43694.707031,-43091.500000,-52974.906250,-44756.238281,-53031.234375,-44167.246094,-51250.246094,-0.062000,-0.960000,0.210000,192.000000,0.000000,0.000000,0.000000,0.000000,0.000000,0.000000,0.000000,0.000000,0.000000,1629480552.544446
212.000000,-46779.382813,-43680.917969,-43080.570313,-52968.132813,-44741.910156,-53043.414063,-44155.714844,-51248.457031,-0.062000,-0.960000,0.210000,192.000000,0.000000,0.000000,0.000000,0.000000,0.000000,0.000000,0.000000,0.000000,0.000000,1629480552.548471
213.000000,-46824.019531,-43724.792969,-43115.441406,-52978.593750,-44748.058594,-53015.207031,-44152.917969,-51264.351563,-0.062000,-0.960000,0.210000,192.000000,0.000000,0.000000,0.000000,0.000000,0.000000,0.000000,0.000000,0.000000,0.000000,1629480552.551448
214.000000,-46863.671875,-43765.117188,-43145.460938,-52991.113281,-44763.816406,-52982.886719,-44161.167969,-51275.457031,-0.062000,-0.948000,0.210000,192.000000,254.000000,16.000000,226.000000,96.000000,6.000000,144.000000,0.000000,0.000000,0.000000,1629480552.555451
215.000000,-46843.601563,-43745.468750,-43128.808594,-52989.101563,-44766.496094,-52990.152344,-44165.906250,-51266.832031,-0.062000,-0.948000,0.210000,192.000000,0.000000,0.000000,0.000000,0.000000,0.000000,0.000000,0.000000,0.000000,0.000000,1629480552.559557
216.000000,-46789.867188,-43691.511719,-43085.824219,-52976.472656,-44751.343750,-53027.566406,-44159.625000,-51250.847656,-0.062000,-0.948000,0.210000,192.000000,0.000000,0.000000,0.000000,0.000000,0.000000,0.000000,0.000000,0.000000,0.000000,1629480552.563556
217.000000,-46772.117188,-43674.480469,-43071.855469,-52967.238281,-44734.601563,-53038.878906,-44148.246094,-51248.613281,-0.062000,-0.948000,0.210000,192.000000,0.000000,0.000000,0.000000,0.000000,0.000000,0.000000,0.000000,0.000000,0.000000,1629480552.568546
218.000000,-46815.257813,-43717.777344,-43106.187500,-52974.953125,-44740.679688,-53010.312500,-44147.957031,-51266.519531,-0.062000,-0.948000,0.210000,192.000000,0.000000,0.000000,0.000000,0.000000,0.000000,0.000000,0.000000,0.000000,0.000000,1629480552.572537
219.000000,-46859.671875,-43761.382813,-43141.078125,-52988.363281,-44760.617188,-52981.164063,-44162.777344,-51282.207031,-0.062000,-0.948000,0.210000,192.000000,0.000000,0.000000,0.000000,0.000000,0.000000,0.000000,0.000000,0.000000,0.000000,1629480552.576547
220.000000,-46842.480469,-43743.414063,-43128.449219,-52987.355469,-44765.738281,-52991.113281,-44173.707031,-51274.855469,-0.062000,-0.948000,0.210000,192.000000,0.000000,0.000000,0.000000,0.000000,0.000000,0.000000,0.000000,0.000000,0.000000,1629480552.579541
221.000000,-46790.894531,-43691.468750,-43087.812500,-52974.683594,-44752.503906,-53028.371094,-44170.355469,-51255.699219,-0.062000,-0.948000,0.210000,192.000000,0.000000,0.000000,0.000000,0.000000,0.000000,0.000000,0.000000,0.000000,0.000000,1629480552.583550
222.000000,-46774.890625,-43674.949219,-43074.695313,-52965.070313,-44738.000000,-53040.910156,-44158.015625,-51251.789063,-0.062000,-0.948000,0.210000,192.000000,0.000000,0.000000,0.000000,0.000000,0.000000,0.000000,0.000000,0.000000,0.000000,1629480552.587540
223.000000,-46817.785156,-43717.351563,-43109.964844,-52974.617188,-44745.218750,-53014.246094,-44158.214844,-51269.246094,-0.062000,-0.948000,0.210000,192.000000,0.000000,0.000000,0.000000,0.000000,0.000000,0.000000,0.000000,0.000000,0.000000,1629480552.591549
224.000000,-46860.183594,-43758.902344,-43142.128906,-52986.304688,-44761.625000,-52982.214844,-44167.066406,-51281.246094,-0.066000,-0.950000,0.210000,192.000000,253.000000,240.000000,226.000000,80.000000,6.000000,144.000000,0.000000,0.000000,0.000000,1629480552.596548
225.000000,-46843.914063,-43742.675781,-43130.082031,-52985.500000,-44768.910156,-52990.105469,-44175.695313,-51274.140625,-0.066000,-0.950000,0.210000,192.000000,0.000000,0.000000,0.000000,0.000000,0.000000,0.000000,0.000000,0.000000,0.000000,1629480552.600564
226.000000,-46791.363281,-43691.378906,-43090.207031,-52974.390625,-44757.062500,-53031.234375,-44174.777344,-51259.566406,-0.066000,-0.950000,0.210000,192.000000,0.000000,0.000000,0.000000,0.000000,0.000000,0.000000,0.000000,0.000000,0.000000,1629480552.603561
227.000000,-46774.242188,-43674.367188,-43076.660156,-52967.261719,-44741.375000,-53047.414063,-44162.285156,-51256.480469,-0.066000,-0.950000,0.210000,192.000000,0.000000,0.000000,0.000000,0.000000,0.000000,0.000000,0.000000,0.000000,0.000000,1629480552.607543
228.000000,-46818.789063,-43719.363281,-43111.351563,-52977.855469,-44747.164063,-53021.890625,-44162.015625,-51273.847656,-0.066000,-0.950000,0.210000,192.000000,0.000000,0.000000,0.000000,0.000000,0.000000,0.000000,0.000000,0.000000,0.000000,1629480552.611545
229.000000,-46860.164063,-43760.355469,-43142.867188,-52987.691406,-44762.472656,-52984.921875,-44170.265625,-51282.656250,-0.066000,-0.950000,0.210000,192.000000,0.000000,0.000000,0.000000,0.000000,0.000000,0.000000,0.000000,0.000000,0.000000,1629480552.615538
230.000000,-46846.281250,-43745.847656,-43131.132813,-52987.175781,-44768.777344,-52991.804688,-44176.789063,-51272.710938,-0.066000,-0.950000,0.210000,192.000000,0.000000,0.000000,0.000000,0.000000,0.000000,0.000000,0.000000,0.000000,0.000000,1629480552.619556
231.000000,-46795.453125,-43695.824219,-43091.324219,-52976.269531,-44755.656250,-53030.203125,-44173.011719,-51255.074219,-0.066000,-0.950000,0.210000,192.000000,0.000000,0.000000,0.000000,0.000000,0.000000,0.000000,0.000000,0.000000,0.000000,1629480552.624578
232.000000,-46776.140625,-43676.960938,-43076.035156,-52966.906250,-44738.222656,-53045.089844,-44159.625000,-51250.515625,-0.066000,-0.950000,0.210000,192.000000,0.000000,0.000000,0.000000,0.000000,0.000000,0.000000,0.000000,0.000000,0.000000,1629480552.628592
233.000000,-46819.726563,-43720.144531,-43112.019531,-52976.875000,-44745.777344,-53021.554688,-44160.027344,-51268.730469,-0.066000,-0.950000,0.210000,192.000000,0.000000,0.000000,0.000000,0.000000,0.000000,0.000000,0.000000,0.000000,0.000000,1629480552.631610
234.000000,-46863.828125,-43763.687500,-43147.046875,-52988.652344,-44764.484375,-52988.472656,-44169.347656,-51281.648438,-0.062000,-0.948000,0.208000,192.000000,254.000000,16.000000,226.000000,96.000000,6.000000,128.000000,0.000000,0.000000,0.000000,1629480552.635564
235.000000,-46848.718750,-43749.425781,-43135.332031,-52988.406250,-44770.542969,-52994.015625,-44177.910156,-51273.089844,-0.062000,-0.948000,0.208000,192.000000,0.000000,0.000000,0.000000,0.000000,0.000000,0.000000,0.000000,0.000000,0.000000,1629480552.639593
236.000000,-46796.304688,-43698.507813,-43094.183594,-52976.605469,-44755.722656,-53030.406250,-44175.359375,-51255.699219,-0.062000,-0.948000,0.208000,192.000000,0.000000,0.000000,0.000000,0.000000,0.000000,0.000000,0.000000,0.000000,0.000000,1629480552.643590
237.000000,-46777.996094,-43680.714844,-43078.960938,-52969.406250,-44740.746094,-53045.089844,-44162.171875,-51250.847656,-0.062000,-0.948000,0.208000,192.000000,0.000000,0.000000,0.000000,0.000000,0.000000,0.000000,0.000000,0.000000,0.000000,1629480552.647608
238.000000,-46819.882813,-43721.375000,-43110.722656,-52977.523438,-44746.335938,-53019.429688,-44159.601563,-51265.937500,-0.062000,-0.948000,0.208000,192.000000,0.000000,0.000000,0.000000,0.000000,0.000000,0.000000,0.000000,0.000000,0.000000,1629480552.652587
239.000000,-46865.394531,-43766.726563,-43146.105469,-52990.976563,-44763.703125,-52987.000000,-44169.863281,-51278.632813,-0.062000,-0.948000,0.208000,192.000000,0.000000,0.000000,0.000000,0.000000,0.000000,0.000000,0.000000,0.000000,0.000000,1629480552.656608
240.000000,-46852.429688,-43753.761719,-43134.953125,-52989.949219,-44768.554688,-52991.714844,-44176.902344,-51269.738281,-0.062000,-0.948000,0.208000,192.000000,0.000000,0.000000,0.000000,0.000000,0.000000,0.000000,0.000000,0.000000,0.000000,1629480552.659626
241.000000,-46799.656250,-43701.839844,-43092.730469,-52975.777344,-44755.320313,-53027.878906,-44169.972656,-51249.128906,-0.062000,-0.948000,0.208000,192.000000,0.000000,0.000000,0.000000,0.000000,0.000000,0.000000,0.000000,0.000000,0.000000,1629480552.663633
242.000000,-46779.671875,-43681.855469,-43076.371094,-52967.507813,-44738.937500,-53044.175781,-44156.695313,-51242.847656,-0.062000,-0.948000,0.208000,192.000000,0.000000,0.000000,0.000000,0.000000,0.000000,0.000000,0.000000,0.000000,0.000000,1629480552.667628
243.000000,-46820.531250,-43722.425781,-43108.332031,-52977.007813,-44743.273438,-53019.386719,-44154.015625,-51259.656250,-0.062000,-0.948000,0.208000,192.000000,0.000000,0.000000,0.000000,0.000000,0.000000,0.000000,0.000000,0.000000,0.000000,1629480552.671621
244.000000,-46865.480469,-43767.394531,-43143.804688,-52991.515625,-44760.863281,-52984.359375,-44162.531250,-51273.691406,-0.064000,-0.954000,0.208000,192.000000,254.000000,0.000000,226.000000,48.000000,6.000000,128.000000,0.000000,0.000000,0.000000,1629480552.675625
245.000000,-46853.703125,-43754.699219,-43134.371094,-52992.699219,-44767.882813,-52988.363281,-44171.226563,-51269.691406,-0.064000,-0.954000,0.208000,192.000000,0.000000,0.000000,0.000000,0.000000,0.000000,0.000000,0.000000,0.000000,0.000000,1629480552.680654
246.000000,-46798.605469,-43700.183594,-43090.609375,-52978.707031,-44753.554688,-53023.812500,-44167.605469,-51251.675781,-0.064000,-0.954000,0.208000,192.000000,0.000000,0.000000,0.000000,0.000000,0.000000,0.000000,0.000000,0.000000,0.000000,1629480552.684659
247.000000,-46775.089844,-43678.125000,-43073.062500,-52969.945313,-44737.730469,-53041.156250,-44157.835938,-51248.277344,-0.064000,-0.954000,0.208000,192.000000,0.000000,0.000000,0.000000,0.000000,0.000000,0.000000,0.000000,0.000000,0.000000,1629480552.687649
248.000000,-46811.390625,-43714.558594,-43101.113281,-52975.062500,-44737.640625,-53014.894531,-44153.789063,-51264.214844,-0.064000,-0.954000,0.208000,192.000000,0.000000,0.000000,0.000000,0.000000,0.000000,0.000000,0.000000,0.000000,0.000000,1629480552.691665
249.000000,-46858.777344,-43761.472656,-43138.574219,-52988.519531,-44757.421875,-52982.371094,-44164.250000,-51279.636719,-0.064000,-0.954000,0.208000,192.000000,0.000000,0.000000,0.000000,0.000000,0.000000,0.000000,0.000000,0.000000,0.000000,1629480552.695686
250.000000,-46848.742188,-43752.800781,-43132.406250,-52989.679688,-44765.625000,-52987.492188,-44175.070313,-51274.339844,-0.064000,-0.954000,0.208000,192.000000,0.000000,0.000000,0.000000,0.000000,0.000000,0.000000,0.000000,0.000000,0.000000,1629480552.699677
251.000000,-46793.644531,-43699.042969,-43089.558594,-52977.164063,-44752.101563,-53022.000000,-44171.382813,-51255.296875,-0.064000,-0.954000,0.208000,192.000000,0.000000,0.000000,0.000000,0.000000,0.000000,0.000000,0.000000,0.000000,0.000000,1629480552.703671
252.000000,-46769.906250,-43675.507813,-43071.074219,-52967.796875,-44737.105469,-53039.949219,-44160.207031,-51248.996094,-0.064000,-0.954000,0.208000,192.000000,0.000000,0.000000,0.000000,0.000000,0.000000,0.000000,0.000000,0.000000,0.000000,1629480552.708682
253.000000,-46811.277344,-43716.187500,-43104.601563,-52977.679688,-44743.988281,-53019.988281,-44159.535156,-51266.562500,-0.060000,-0.954000,0.214000,192.000000,254.000000,32.000000,226.000000,48.000000,6.000000,176.000000,0.000000,0.000000,0.000000,1629480552.711681
254.000000,-46857.816406,-43761.605469,-43141.523438,-52989.210938,-44761.625000,-52985.500000,-44168.230469,-51280.285156,-0.060000,-0.954000,0.214000,192.000000,0.000000,0.000000,0.000000,0.000000,0.000000,0.000000,0.000000,0.000000,0.000000,1629480552.714699
255.000000,-46848.671875,-43752.734375,-43135.890625,-52990.308594,-44770.140625,-52987.402344,-44178.824219,-51275.906250,-0.060000,-0.954000,0.214000,192.000000,0.000000,0.000000,0.000000,0.000000,0.000000,0.000000,0.000000,0.000000,0.000000,1629480552.719710
0.000000,-46795.589844,-43700.250000,-43095.300781,-52979.132813,-44756.484375,-53022.226563,-44175.269531,-51259.253906,-0.060000,-0.954000,0.214000,192.000000,0.000000,0.000000,0.000000,0.000000,0.000000,0.000000,0.000000,0.000000,0.000000,1629480552.723758
1.000000,-46769.703125,-43675.328125,-43074.671875,-52969.296875,-44737.730469,-53039.792969,-44162.218750,-51251.320313,-0.060000,-0.954000,0.214000,192.000000,0.000000,0.000000,0.000000,0.000000,0.000000,0.000000,0.000000,0.000000,0.000000,1629480552.727710
2.000000,-46807.253906,-43712.679688,-43104.980469,-52974.281250,-44740.703125,-53016.750000,-44159.757813,-51263.253906,-0.060000,-0.954000,0.214000,192.000000,0.000000,0.000000,0.000000,0.000000,0.000000,0.000000,0.000000,0.000000,0.000000,1629480552.731702
3.000000,-46854.687500,-43760.644531,-43143.917969,-52987.578125,-44760.238281,-52983.488281,-44170.667969,-51278.296875,-0.060000,-0.954000,0.214000,192.000000,0.000000,0.000000,0.000000,0.000000,0.000000,0.000000,0.000000,0.000000,0.000000,1629480552.735731
4.000000,-46846.863281,-43752.777344,-43138.148438,-52989.972656,-44769.132813,-52985.234375,-44179.136719,-51273.246094,-0.060000,-0.954000,0.214000,192.000000,0.000000,0.000000,0.000000,0.000000,0.000000,0.000000,0.000000,0.000000,0.000000,1629480552.739719
5.000000,-46794.804688,-43701.390625,-43097.402344,-52979.289063,-44758.449219,-53021.554688,-44174.644531,-51257.554688,-0.060000,-0.954000,0.214000,192.000000,0.000000,0.000000,0.000000,0.000000,0.000000,0.000000,0.000000,0.000000,0.000000,1629480552.742723
6.000000,-46769.839844,-43676.847656,-43077.597656,-52968.691406,-44740.769531,-53041.359375,-44164.117188,-51250.894531,-0.060000,-0.954000,0.214000,192.000000,0.000000,0.000000,0.000000,0.000000,0.000000,0.000000,0.000000,0.000000,0.000000,1629480552.747725
7.000000,-46806.363281,-43714.085938,-43107.125000,-52973.968750,-44743.765625,-53019.117188,-44160.316406,-51264.304688,-0.060000,-0.952000,0.216000,192.000000,254.000000,32.000000,226.000000,64.000000,6.000000,192.000000,0.000000,0.000000,0.000000,1629480552.751748
8.000000,-46854.976563,-43762.410156,-43145.617188,-52987.312500,-44764.148438,-52984.832031,-44169.750000,-51280.062500,-0.060000,-0.952000,0.216000,192.000000,0.000000,0.000000,0.000000,0.000000,0.000000,0.000000,0.000000,0.000000,0.000000,1629480552.755757
9.000000,-46846.058594,-43754.343750,-43138.261719,-52987.871094,-44770.945313,-52983.734375,-44176.566406,-51273.425781,-0.060000,-0.952000,0.216000,192.000000,0.000000,0.000000,0.000000,0.000000,0.000000,0.000000,0.000000,0.000000,0.000000,1629480552.759757
10.000000,-46793.085938,-43702.664063,-43096.488281,-52975.890625,-44758.269531,-53019.699219,-44172.902344,-51256.726563,-0.060000,-0.952000,0.216000,192.000000,0.000000,0.000000,0.000000,0.000000,0.000000,0.000000,0.000000,0.000000,0.000000,1629480552.764754
11.000000,-46765.996094,-43675.820313,-43073.843750,-52964.824219,-44740.480469,-53040.933594,-44160.117188,-51250.738281,-0.060000,-0.952000,0.216000,192.000000,0.000000,0.000000,0.000000,0.000000,0.000000,0.000000,0.000000,0.000000,0.000000,1629480552.767745
12.000000,-46801.957031,-43712.386719,-43101.382813,-52970.792969,-44743.250000,-53018.937500,-44155.625000,-51263.632813,-0.060000,-0.952000,0.216000,192.000000,0.000000,0.000000,0.000000,0.000000,0.000000,0.000000,0.000000,0.000000,0.000000,1629480552.770749
13.000000,-46851.644531,-43761.003906,-43140.562500,-52985.234375,-44761.714844,-52983.042969,-44163.402344,-51278.589844,-0.060000,-0.952000,0.216000,192.000000,0.000000,0.000000,0.000000,0.000000,0.000000,0.000000,0.000000,0.000000,0.000000,1629480552.774783
14.000000,-46843.933594,-43754.609375,-43134.843750,-52988.785156,-44771.347656,-52983.468750,-44171.828125,-51274.230469,-0.060000,-0.952000,0.216000,192.000000,0.000000,0.000000,0.000000,0.000000,0.000000,0.000000,0.000000,0.000000,0.000000,1629480552.779771
15.000000,-46791.476563,-43704.050781,-43093.445313,-52978.484375,-44760.863281,-53020.726563,-44168.632813,-51257.285156,-0.060000,-0.952000,0.216000,192.000000,0.000000,0.000000,0.000000,0.000000,0.000000,0.000000,0.000000,0.000000,0.000000,1629480552.783782
16.000000,-46764.453125,-43677.453125,-43072.035156,-52969.699219,-44744.414063,-53043.636719,-44156.964844,-51250.402344,-0.060000,-0.952000,0.216000,192.000000,0.000000,0.000000,0.000000,0.000000,0.000000,0.000000,0.000000,0.000000,0.000000,1629480552.787787
17.000000,-46799.453125,-43712.097656,-43098.566406,-52974.101563,-44745.218750,-53021.152344,-44152.964844,-51262.226563,-0.062000,-0.948000,0.224000,192.000000,254.000000,16.000000,226.000000,96.000000,7.000000,0.000000,0.000000,0.000000,0.000000,1629480552.791824
18.000000,-46850.394531,-43762.613281,-43138.304688,-52988.585938,-44764.730469,-52988.250000,-44163.582031,-51276.820313,-0.062000,-0.948000,0.224000,192.000000,0.000000,0.000000,0.000000,0.000000,0.000000,0.000000,0.000000,0.000000,0.000000,1629480552.794802
19.000000,-46846.171875,-43758.343750,-43135.042969,-52992.898438,-44776.578125,-52989.234375,-44172.746094,-51273.515625,-0.062000,-0.948000,0.224000,192.000000,0.000000,0.000000,0.000000,0.000000,0.000000,0.000000,0.000000,0.000000,0.000000,1629480552.798818
20.000000,-46792.300781,-43704.519531,-43092.195313,-52978.996094,-44762.785156,-53023.074219,-44168.074219,-51255.609375,-0.062000,-0.948000,0.224000,192.000000,0.000000,0.000000,0.000000,0.000000,0.000000,0.000000,0.000000,0.000000,0.000000,1629480552.802805
21.000000,-46765.347656,-43678.703125,-43072.035156,-52969.964844,-44746.960938,-53047.011719,-44159.714844,-51250.582031,-0.062000,-0.948000,0.224000,192.000000,0.000000,0.000000,0.000000,0.000000,0.000000,0.000000,0.000000,0.000000,0.000000,1629480552.808840
22.000000,-46798.382813,-43711.539063,-43098.386719,-52974.191406,-44749.421875,-53025.734375,-44156.675781,-51265.781250,-0.062000,-0.948000,0.224000,192.000000,0.000000,0.000000,0.000000,0.000000,0.000000,0.000000,0.000000,0.000000,0.000000,1629480552.812835
23.000000,-46845.945313,-43758.476563,-43136.941406,-52985.410156,-44766.765625,-52988.316406,-44163.625000,-51281.359375,-0.062000,-0.948000,0.224000,192.000000,0.000000,0.000000,0.000000,0.000000,0.000000,0.000000,0.000000,0.000000,0.000000,1629480552.815840
24.000000,-46843.777344,-43754.925781,-43137.679688,-52990.375000,-44778.187500,-52988.945313,-44175.070313,-51279.480469,-0.062000,-0.948000,0.224000,192.000000,0.000000,0.000000,0.000000,0.000000,0.000000,0.000000,0.000000,0.000000,0.000000,1629480552.818837
25.000000,-46793.644531,-43704.988281,-43099.167969,-52981.722656,-44769.113281,-53026.179688,-44176.835938,-51264.058594,-0.062000,-0.948000,0.224000,192.000000,0.000000,0.000000,0.000000,0.000000,0.000000,0.000000,0.000000,0.000000,0.000000,1629480552.822856
26.000000,-46763.222656,-43675.238281,-43075.140625,-52971.597656,-44751.921875,-53049.203125,-44165.703125,-51254.269531,-0.062000,-0.948000,0.224000,192.000000,0.000000,0.000000,0.000000,0.000000,0.000000,0.000000,0.000000,0.000000,0.000000,1629480552.826865
27.000000,-46796.863281,-43708.410156,-43100.375000,-52976.402344,-44750.738281,-53029.578125,-44161.277344,-51265.042969,-0.066000,-0.950000,0.220000,192.000000,253.000000,240.000000,226.000000,80.000000,6.000000,224.000000,0.000000,0.000000,0.000000,1629480552.830855
28.000000,-46845.925781,-43757.652344,-43139.335938,-52988.742188,-44766.316406,-52992.207031,-44169.324219,-51280.644531,-0.066000,-0.950000,0.220000,192.000000,0.000000,0.000000,0.000000,0.000000,0.000000,0.000000,0.000000,0.000000,0.000000,1629480552.835886
29.000000,-46843.957031,-43755.527344,-43139.738281,-52992.609375,-44779.617188,-52991.089844,-44181.933594,-51279.796875,-0.066000,-0.950000,0.220000,192.000000,0.000000,0.000000,0.000000,0.000000,0.000000,0.000000,0.000000,0.000000,0.000000,1629480552.839850
30.000000,-46791.898438,-43703.625000,-43098.945313,-52979.554688,-44767.906250,-53024.058594,-44179.808594,-51261.621094,-0.066000,-0.950000,0.220000,192.000000,0.000000,0.000000,0.000000,0.000000,0.000000,0.000000,0.000000,0.000000,0.000000,1629480552.843894
31.000000,-46764.070313,-43675.777344,-43076.863281,-52968.691406,-44751.542969,-53047.972656,-44170.218750,-51255.410156,-0.066000,-0.950000,0.220000,192.000000,0.000000,0.000000,0.000000,0.000000,0.000000,0.000000,0.000000,0.000000,0.000000,1629480552.846887
32.000000,-46796.125000,-43707.113281,-43100.867188,-52971.105469,-44749.753906,-53026.316406,-44163.828125,-51265.804688,-0.066000,-0.950000,0.220000,192.000000,0.000000,0.000000,0.000000,0.000000,0.000000,0.000000,0.000000,0.000000,0.000000,1629480552.850882
33.000000,-46848.070313,-43758.320313,-43141.277344,-52984.742188,-44766.988281,-52991.335938,-44170.578125,-51282.207031,-0.066000,-0.950000,0.220000,192.000000,0.000000,0.000000,0.000000,0.000000,0.000000,0.000000,0.000000,0.000000,0.000000,1629480552.854990
34.000000,-46847.757813,-43757.718750,-43142.015625,-52990.464844,-44777.359375,-52990.664063,-44180.859375,-51281.160156,-0.066000,-0.950000,0.220000,192.000000,0.000000,0.000000,0.000000,0.000000,0.000000,0.000000,0.000000,0.000000,0.000000,1629480552.858919
35.000000,-46797.933594,-43708.632813,-43103.660156,-52979.085938,-44767.390625,-53025.914063,-44178.757813,-51263.746094,-0.066000,-0.950000,0.220000,192.000000,0.000000,0.000000,0.000000,0.000000,0.000000,0.000000,0.000000,0.000000,0.000000,1629480552.863919
36.000000,-46766.128906,-43677.363281,-43077.910156,-52967.082031,-44749.800781,-53048.890625,-44164.406250,-51252.035156,-0.066000,-0.950000,0.220000,192.000000,0.000000,0.000000,0.000000,0.000000,0.000000,0.000000,0.000000,0.000000,0.000000,1629480552.867905
37.000000,-46798.335938,-43709.730469,-43103.503906,-52973.921875,-44752.078125,-53031.054688,-44159.421875,-51264.886719,-0.064000,-0.956000,0.214000,192.000000,254.000000,0.000000,226.000000,32.000000,6.000000,176.000000,0.000000,0.000000,0.000000,1629480552.871927
38.000000,-46847.421875,-43758.746094,-43142.753906,-52988.472656,-44769.179688,-52994.554688,-44166.105469,-51280.621094,-0.064000,-0.956000,0.214000,192.000000,0.000000,0.000000,0.000000,0.000000,0.000000,0.000000,0.000000,0.000000,0.000000,1629480552.874917
39.000000,-46844.695313,-43755.640625,-43140.160156,-52990.531250,-44777.515625,-52989.882813,-44173.886719,-51274.765625,-0.064000,-0.956000,0.214000,192.000000,0.000000,0.000000,0.000000,0.000000,0.000000,0.000000,0.000000,0.000000,0.000000,1629480552.878943
40.000000,-46791.968750,-43703.222656,-43098.093750,-52977.230469,-44763.949219,-53022.046875,-44169.101563,-51254.449219,-0.064000,-0.956000,0.214000,192.000000,0.000000,0.000000,0.000000,0.000000,0.000000,0.000000,0.000000,0.000000,0.000000,1629480552.883006
41.000000,-46761.546875,-43673.789063,-43073.710938,-52966.792969,-44746.582031,-53047.773438,-44158.773438,-51245.328125,-0.064000,-0.956000,0.214000,192.000000,0.000000,0.000000,0.000000,0.000000,0.000000,0.000000,0.000000,0.000000,0.000000,1629480552.886933
42.000000,-46792.234375,-43704.656250,-43096.890625,-52971.890625,-44746.468750,-53030.652344,-44154.281250,-51258.046875,-0.064000,-0.956000,0.214000,192.000000,0.000000,0.000000,0.000000,0.000000,0.000000,0.000000,0.000000,0.000000,0.000000,1629480552.891932
43.000000,-46845.296875,-43757.093750,-43139.378906,-52986.214844,-44765.984375,-52994.398438,-44165.167969,-51275.546875,-0.064000,-0.956000,0.214000,192.000000,0.000000,0.000000,0.000000,0.000000,0.000000,0.000000,0.000000,0.000000,0.000000,1629480552.895929
44.000000,-46848.718750,-43759.730469,-43141.636719,-52990.238281,-44777.582031,-52989.769531,-44176.566406,-51272.867188,-0.064000,-0.956000,0.214000,192.000000,0.000000,0.000000,0.000000,0.000000,0.000000,0.000000,0.000000,0.000000,0.000000,1629480552.898959
45.000000,-46801.085938,-43711.582031,-43103.570313,-52981.300781,-44767.347656,-53024.484375,-44176.210938,-51255.832031,-0.064000,-0.956000,0.214000,192.000000,0.000000,0.000000,0.000000,0.000000,0.000000,0.000000,0.000000,0.000000,0.000000,1629480552.902950
46.000000,-46769.144531,-43680.312500,-43079.765625,-52972.781250,-44750.179688,-53052.445313,-44163.984375,-51246.738281,-0.064000,-0.956000,0.214000,192.000000,0.000000,0.000000,0.000000,0.000000,0.000000,0.000000,0.000000,0.000000,0.000000,1629480552.906968
47.000000,-46800.238281,-43710.042969,-43103.414063,-52978.972656,-44750.203125,-53035.972656,-44157.746094,-51259.855469,-0.068000,-0.958000,0.216000,192.000000,253.000000,224.000000,226.000000,16.000000,6.000000,192.000000,0.000000,0.000000,0.000000,1629480552.910965
48.000000,-46851.691406,-43760.398438,-43143.378906,-52992.273438,-44767.210938,-52997.167969,-44164.562500,-51275.859375,-0.068000,-0.958000,0.216000,192.000000,0.000000,0.000000,0.000000,0.000000,0.000000,0.000000,0.000000,0.000000,0.000000,1629480552.915080
49.000000,-46852.851563,-43762.253906,-43144.429688,-52994.777344,-44777.070313,-52991.089844,-44175.292969,-51275.011719,-0.068000,-0.958000,0.216000,192.000000,0.000000,0.000000,0.000000,0.000000,0.000000,0.000000,0.000000,0.000000,0.000000,1629480552.918996
50.000000,-46800.730469,-43711.652344,-43103.082031,-52982.437500,-44765.425781,-53023.164063,-44174.554688,-51257.957031,-0.068000,-0.958000,0.216000,192.000000,0.000000,0.000000,0.000000,0.000000,0.000000,0.000000,0.000000,0.000000,0.000000,1629480552.923984
51.000000,-46764.609375,-43677.320313,-43075.476563,-52971.375000,-44746.714844,-53049.785156,-44163.425781,-51251.007813,-0.068000,-0.958000,0.216000,192.000000,0.000000,0.000000,0.000000,0.000000,0.000000,0.000000,0.000000,0.000000,0.000000,1629480552.926983
52.000000,-46794.539063,-43706.464844,-43099.726563,-52977.121094,-44747.812500,-53035.703125,-44161.882813,-51267.277344,-0.068000,-0.958000,0.216000,192.000000,0.000000,0.000000,0.000000,0.000000,0.000000,0.000000,0.000000,0.000000,0.000000,1629480552.930975
53.000000,-46847.488281,-43758.367188,-43142.710938,-52991.781250,-44768.195313,-53001.570313,-44170.890625,-51287.394531,-0.068000,-0.958000,0.216000,192.000000,0.000000,0.000000,0.000000,0.000000,0.000000,0.000000,0.000000,0.000000,0.000000,1629480552.935006
54.000000,-46851.265625,-43762.078125,-43147.269531,-52996.296875,-44781.742188,-52995.292969,-44182.289063,-51286.769531,-0.068000,-0.958000,0.216000,192.000000,0.000000,0.000000,0.000000,0.000000,0.000000,0.000000,0.000000,0.000000,0.000000,1629480552.939016
55.000000,-46803.007813,-43714.332031,-43109.070313,-52985.925781,-44771.683594,-53027.746094,-44183.652344,-51268.507813,-0.068000,-0.958000,0.216000,192.000000,0.000000,0.000000,0.000000,0.000000,0.000000,0.000000,0.000000,0.000000,0.000000,1629480552.943031
56.000000,-46767.984375,-43678.949219,-43081.398438,-52974.011719,-44752.617188,-53054.007813,-44173.214844,-51257.308594,-0.070000,-0.960000,0.214000,192.000000,253.000000,208.000000,226.000000,0.000000,6.000000,176.000000,0.000000,0.000000,0.000000,1629480552.947019
57.000000,-46794.246094,-43704.117188,-43101.113281,-52976.359375,-44750.785156,-53035.031250,-44165.300781,-51265.714844,-0.070000,-0.960000,0.214000,192.000000,0.000000,0.000000,0.000000,0.000000,0.000000,0.000000,0.000000,0.000000,0.000000,1629480552.951002
58.000000,-46845.121094,-43754.187500,-43141.546875,-52988.183594,-44767.839844,-52997.035156,-44171.382813,-51280.085938,-0.070000,-0.960000,0.214000,192.000000,0.000000,0.000000,0.000000,0.000000,0.000000,0.000000,0.000000,0.000000,0.000000,1629480552.954017
59.000000,-46851.085938,-43760.734375,-43147.179688,-52992.429688,-44779.617188,-52990.664063,-44184.078125,-51279.347656,-0.070000,-0.960000,0.214000,192.000000,0.000000,0.000000,0.000000,0.000000,0.000000,0.000000,0.000000,0.000000,0.000000,1629480552.959027
60.000000,-46803.164063,-43713.015625,-43109.250000,-52981.949219,-44770.742188,-53022.156250,-44184.523438,-51263.589844,-0.070000,-0.960000,0.214000,192.000000,0.000000,0.000000,0.000000,0.000000,0.000000,0.000000,0.000000,0.000000,0.000000,1629480552.963065
61.000000,-46766.015625,-43677.117188,-43081.128906,-52969.675781,-44752.839844,-53048.554688,-44171.558594,-51254.804688,-0.070000,-0.960000,0.214000,192.000000,0.000000,0.000000,0.000000,0.000000,0.000000,0.000000,0.000000,0.000000,0.000000,1629480552.967037
62.000000,-46793.085938,-43704.746094,-43103.148438,-52974.503906,-44750.382813,-53034.070313,-44164.585938,-51266.496094,-0.070000,-0.960000,0.214000,192.000000,0.000000,0.000000,0.000000,0.000000,0.000000,0.000000,0.000000,0.000000,0.000000,1629480552.971052
63.000000,-46844.964844,-43755.906250,-43144.429688,-52987.312500,-44768.171875,-52996.429688,-44169.390625,-51280.734375,-0.070000,-0.960000,0.214000,192.000000,0.000000,0.000000,0.000000,0.000000,0.000000,0.000000,0.000000,0.000000,0.000000,1629480552.975071
64.000000,-46851.019531,-43763.058594,-43149.683594,-52992.742188,-44782.074219,-52989.054688,-44179.027344,-51279.570313,-0.070000,-0.960000,0.214000,192.000000,0.000000,0.000000,0.000000,0.000000,0.000000,0.000000,0.000000,0.000000,0.000000,1629480552.979064
65.000000,-46800.035156,-43712.992188,-43110.722656,-52981.949219,-44770.855469,-53018.582031,-44178.312500,-51261.824219,-0.070000,-0.960000,0.214000,192.000000,0.000000,0.000000,0.000000,0.000000,0.000000,0.000000,0.000000,0.000000,0.000000,1629480552.982062
66.000000,-46761.570313,-43675.238281,-43079.140625,-52969.429688,-44749.664063,-53044.398438,-44166.800781,-51251.207031,-0.066000,-0.966000,0.216000,192.000000,253.000000,240.000000,225.000000,208.000000,6.000000,192.000000,0.000000,0.000000,0.000000,1629480552.987056
67.000000,-46788.191406,-43702.062500,-43099.460938,-52971.664063,-44747.832031,-53031.324219,-44159.492188,-51260.796875,-0.066000,-0.966000,0.216000,192.000000,0.000000,0.000000,0.000000,0.000000,0.000000,0.000000,0.000000,0.000000,0.000000,1629480552.991101
68.000000,-46840.804688,-43754.410156,-43140.652344,-52984.382813,-44765.378906,-52993.839844,-44164.945313,-51275.773438,-0.066000,-0.966000,0.216000,192.000000,0.000000,0.000000,0.000000,0.000000,0.000000,0.000000,0.000000,0.000000,0.000000,1629480552.995090
69.000000,-46848.359375,-43761.628906,-43147.312500,-52991.000000,-44778.945313,-52987.960938,-44176.457031,-51277.000000,-0.066000,-0.966000,0.216000,192.000000,0.000000,0.000000,0.000000,0.000000,0.000000,0.000000,0.000000,0.000000,0.000000,1629480552.999103
70.000000,-46798.628906,-43712.230469,-43109.093750,-52980.671875,-44769.492188,-53019.722656,-44176.144531,-51258.562500,-0.066000,-0.966000,0.216000,192.000000,0.000000,0.000000,0.000000,0.000000,0.000000,0.000000,0.000000,0.000000,0.000000,1629480553.003094
71.000000,-46760.050781,-43675.039063,-43079.207031,-52969.808594,-44750.179688,-53047.996094,-44164.003906,-51246.492188,-0.066000,-0.966000,0.216000,192.000000,0.000000,0.000000,0.000000,0.000000,0.000000,0.000000,0.000000,0.000000,0.000000,1629480553.007100
72.000000,-46786.667969,-43702.332031,-43100.351563,-52975.621094,-44749.597656,-53036.308594,-44158.707031,-51258.562500,-0.066000,-0.966000,0.216000,192.000000,0.000000,0.000000,0.000000,0.000000,0.000000,0.000000,0.000000,0.000000,0.000000,1629480553.010112
73.000000,-46839.578125,-43754.031250,-43141.503906,-52988.628906,-44766.496094,-53000.187500,-44164.878906,-51276.261719,-0.066000,-0.966000,0.216000,192.000000,0.000000,0.000000,0.000000,0.000000,0.000000,0.000000,0.000000,0.000000,0.000000,1629480553.015109
74.000000,-46847.511719,-43762.343750,-43148.519531,-52994.398438,-44781.070313,-52990.285156,-44175.695313,-51275.949219,-0.066000,-0.966000,0.216000,192.000000,0.000000,0.000000,0.000000,0.000000,0.000000,0.000000,0.000000,0.000000,0.000000,1629480553.019109
75.000000,-46800.171875,-43716.367188,-43112.265625,-52985.679688,-44773.605469,-53020.996094,-44174.578125,-51258.964844,-0.066000,-0.966000,0.216000,192.000000,0.000000,0.000000,0.000000,0.000000,0.000000,0.000000,0.000000,0.000000,0.000000,1629480553.023107
76.000000,-46761.949219,-43679.152344,-43083.074219,-52974.078125,-44756.035156,-53050.542969,-44163.222656,-51247.339844,-0.060000,-0.960000,0.220000,192.000000,254.000000,32.000000,226.000000,0.000000,6.000000,224.000000,0.000000,0.000000,0.000000,1629480553.027125
77.000000,-46787.183594,-43704.363281,-43102.902344,-52977.679688,-44754.917969,-53039.324219,-44157.031250,-51259.121094,-0.060000,-0.960000,0.220000,192.000000,0.000000,0.000000,0.000000,0.000000,0.000000,0.000000,0.000000,0.000000,0.000000,1629480553.031148
78.000000,-46837.722656,-43755.660156,-43141.726563,-52987.714844,-44766.945313,-52999.582031,-44161.347656,-51272.574219,-0.060000,-0.960000,0.220000,192.000000,0.000000,0.000000,0.000000,0.000000,0.000000,0.000000,0.000000,0.000000,0.000000,1629480553.035144
79.000000,-46847.308594,-43765.785156,-43149.414063,-52992.964844,-44780.980469,-52989.972656,-44174.691406,-51272.800781,-0.060000,-0.960000,0.220000,192.000000,0.000000,0.000000,0.000000,0.000000,0.000000,0.000000,0.000000,0.000000,0.000000,1629480553.038142
80.000000,-46799.769531,-43718.691406,-43113.742188,-52983.757813,-44771.414063,-53021.824219,-44176.566406,-51258.562500,-0.060000,-0.960000,0.220000,192.000000,0.000000,0.000000,0.000000,0.000000,0.000000,0.000000,0.000000,0.000000,0.000000,1629480553.043145
81.000000,-46758.261719,-43678.414063,-43081.332031,-52971.777344,-44752.750000,-53051.171875,-44165.996094,-51248.703125,-0.060000,-0.960000,0.220000,192.000000,0.000000,0.000000,0.000000,0.000000,0.000000,0.000000,0.000000,0.000000,0.000000,1629480553.047159
82.000000,-46779.585938,-43699.984375,-43097.113281,-52973.140625,-44749.753906,-53038.476563,-44158.910156,-51258.089844,-0.060000,-0.960000,0.220000,192.000000,0.000000,0.000000,0.000000,0.000000,0.000000,0.000000,0.000000,0.000000,0.000000,1629480553.051162
83.000000,-46833.093750,-43753.804688,-43140.070313,-52986.753906,-44766.832031,-53003.269531,-44166.800781,-51279.281250,-0.060000,-0.960000,0.220000,192.000000,0.000000,0.000000,0.000000,0.000000,0.000000,0.000000,0.000000,0.000000,0.000000,1629480553.055173
84.000000,-46844.269531,-43765.453125,-43149.707031,-52992.988281,-44780.132813,-52992.453125,-44181.015625,-51282.296875,-0.060000,-0.960000,0.220000,192.000000,0.000000,0.000000,0.000000,0.000000,0.000000,0.000000,0.000000,0.000000,0.000000,1629480553.058176
85.000000,-46798.226563,-43719.585938,-43113.765625,-52983.378906,-44772.488281,-53021.890625,-44182.714844,-51266.292969,-0.060000,-0.960000,0.220000,192.000000,0.000000,0.000000,0.000000,0.000000,0.000000,0.000000,0.000000,0.000000,0.000000,1629480553.062178
86.000000,-46756.652344,-43678.390625,-43081.511719,-52970.929688,-44753.687500,-53049.828125,-44171.316406,-51254.312500,-0.062000,-0.962000,0.222000,192.000000,254.000000,16.000000,225.000000,240.000000,6.000000,240.000000,0.000000,0.000000,0.000000,1629480553.066196
87.000000,-46779.449219,-43700.722656,-43100.554688,-52973.988281,-44751.031250,-53039.144531,-44164.585938,-51265.042969,-0.062000,-0.962000,0.222000,192.000000,0.000000,0.000000,0.000000,0.000000,0.000000,0.000000,0.000000,0.000000,0.000000,1629480553.070203
88.000000,-46834.593750,-43756.199219,-43144.273438,-52990.328125,-44769.359375,-53004.566406,-44171.828125,-51284.308594,-0.062000,-0.962000,0.222000,192.000000,0.000000,0.000000,0.000000,0.000000,0.000000,0.000000,0.000000,0.000000,0.000000,1629480553.075188
89.000000,-46844.246094,-43766.414063,-43151.449219,-52994.910156,-44779.683594,-52991.625000,-44181.082031,-51282.992188,-0.062000,-0.962000,0.222000,192.000000,0.000000,0.000000,0.000000,0.000000,0.000000,0.000000,0.000000,0.000000,0.000000,1629480553.079204
90.000000,-46796.796875,-43719.898438,-43115.148438,-52984.136719,-44770.273438,-53019.656250,-44181.082031,-51263.746094,-0.062000,-0.962000,0.222000,192.000000,0.000000,0.000000,0.000000,0.000000,0.000000,0.000000,0.000000,0.000000,0.000000,1629480553.083214
91.000000,-46755.175781,-43679.867188,-43081.890625,-52970.703125,-44752.480469,-53047.640625,-44169.214844,-51249.171875,-0.062000,-0.962000,0.222000,192.000000,0.000000,0.000000,0.000000,0.000000,0.000000,0.000000,0.000000,0.000000,0.000000,1629480553.086213
92.000000,-46774.867188,-43698.933594,-43096.664063,-52972.378906,-44748.839844,-53036.261719,-44161.187500,-51258.070313,-0.062000,-0.962000,0.222000,192.000000,0.000000,0.000000,0.000000,0.000000,0.000000,0.000000,0.000000,0.000000,0.000000,1629480553.090225
93.000000,-46829.046875,-43752.062500,-43140.296875,-52988.406250,-44765.714844,-53002.355469,-44166.507813,-51276.464844,-0.062000,-0.962000,0.222000,192.000000,0.000000,0.000000,0.000000,0.000000,0.000000,0.000000,0.000000,0.000000,0.000000,1629480553.094226
94.000000,-46840.468750,-43763.886719,-43150.578125,-52994.332031,-44778.566406,-52990.531250,-44176.187500,-51278.476563,-0.062000,-0.962000,0.222000,192.000000,0.000000,0.000000,0.000000,0.000000,0.000000,0.000000,0.000000,0.000000,0.000000,1629480553.098226
95.000000,-46793.398438,-43717.707031,-43113.207031,-52983.488281,-44769.738281,-53017.128906,-44175.695313,-51260.460938,-0.062000,-0.962000,0.222000,192.000000,0.000000,0.000000,0.000000,0.000000,0.000000,0.000000,0.000000,0.000000,0.000000,1629480553.103247
96.000000,-46751.667969,-43677.832031,-43080.101563,-52970.703125,-44750.851563,-53046.746094,-44164.789063,-51247.562500,-0.062000,-0.956000,0.224000,192.000000,254.000000,16.000000,226.000000,32.000000,7.000000,0.000000,0.000000,0.000000,0.000000,1629480553.107247
97.000000,-46768.921875,-43696.183594,-43095.480469,-52972.000000,-44747.050781,-53037.000000,-44156.472656,-51258.003906,-0.062000,-0.956000,0.224000,192.000000,0.000000,0.000000,0.000000,0.000000,0.000000,0.000000,0.000000,0.000000,0.000000,1629480553.111242
98.000000,-46823.257813,-43748.843750,-43138.261719,-52984.273438,-44761.734375,-53000.097656,-44163.042969,-51275.390625,-0.062000,-0.956000,0.224000,192.000000,0.000000,0.000000,0.000000,0.000000,0.000000,0.000000,0.000000,0.000000,0.000000,1629480553.115255
99.000000,-46836.691406,-43763.082031,-43150.199219,-52991.625000,-44776.710938,-52986.394531,-44174.644531,-51277.312500,-0.062000,-0.956000,0.224000,192.000000,0.000000,0.000000,0.000000,0.000000,0.000000,0.000000,0.000000,0.000000,0.000000,1629480553.119256
100.000000,-46791.609375,-43719.542969,-43115.375000,-52982.683594,-44771.191406,-53014.089844,-44175.582031,-51259.722656,-0.062000,-0.956000,0.224000,192.000000,0.000000,0.000000,0.000000,0.000000,0.000000,0.000000,0.000000,0.000000,0.000000,1629480553.122257
101.000000,-46749.902344,-43677.453125,-43082.160156,-52970.144531,-44753.085938,-53046.050781,-44164.074219,-51246.535156,-0.062000,-0.956000,0.224000,192.000000,0.000000,0.000000,0.000000,0.000000,0.000000,0.000000,0.000000,0.000000,0.000000,1629480553.126262
102.000000,-46766.195313,-43693.410156,-43095.300781,-52970.144531,-44746.851563,-53036.597656,-44155.468750,-51254.425781,-0.062000,-0.956000,0.224000,192.000000,0.000000,0.000000,0.000000,0.000000,0.000000,0.000000,0.000000,0.000000,0.000000,1629480553.130280
103.000000,-46817.671875,-43745.289063,-43137.500000,-52982.953125,-44762.027344,-52999.648438,-44161.324219,-51271.367188,-0.062000,-0.956000,0.224000,192.000000,0.000000,0.000000,0.000000,0.000000,0.000000,0.000000,0.000000,0.000000,0.000000,1629480553.135281
104.000000,-46832.425781,-43761.406250,-43149.414063,-52990.171875,-44777.605469,-52986.886719,-44173.011719,-51275.437500,-0.062000,-0.956000,0.224000,192.000000,0.000000,0.000000,0.000000,0.000000,0.000000,0.000000,0.000000,0.000000,0.000000,1629480553.138283
105.000000,-46790.269531,-43720.367188,-43116.625000,-52982.460938,-44770.566406,-53015.898438,-44177.664063,-51262.136719,-0.064000,-0.956000,0.220000,192.000000,254.000000,0.000000,226.000000,32.000000,6.000000,224.000000,0.000000,0.000000,0.000000,1629480553.142285
106.000000,-46746.726563,-43677.519531,-43081.531250,-52970.636719,-44752.796875,-53047.707031,-44169.347656,-51250.335938,-0.064000,-0.956000,0.220000,192.000000,0.000000,0.000000,0.000000,0.000000,0.000000,0.000000,0.000000,0.000000,0.000000,1629480553.146305
107.000000,-46761.636719,-43692.429688,-43092.910156,-52970.816406,-44745.753906,-53037.648438,-44159.625000,-51257.152344,-0.064000,-0.956000,0.220000,192.000000,0.000000,0.000000,0.000000,0.000000,0.000000,0.000000,0.000000,0.000000,0.000000,1629480553.150313
108.000000,-46814.386719,-43745.625000,-43134.796875,-52984.117188,-44758.496094,-52998.753906,-44162.687500,-51274.652344,-0.064000,-0.956000,0.220000,192.000000,0.000000,0.000000,0.000000,0.000000,0.000000,0.000000,0.000000,0.000000,0.000000,1629480553.154303
109.000000,-46830.121094,-43762.566406,-43149.238281,-52993.144531,-44774.097656,-52985.324219,-44173.593750,-51277.804688,-0.064000,-0.956000,0.220000,192.000000,0.000000,0.000000,0.000000,0.000000,0.000000,0.000000,0.000000,0.000000,0.000000,1629480553.159308
110.000000,-46788.191406,-43721.664063,-43116.894531,-52984.851563,-44769.203125,-53014.289063,-44173.707031,-51263.277344,-0.064000,-0.956000,0.220000,192.000000,0.000000,0.000000,0.000000,0.000000,0.000000,0.000000,0.000000,0.000000,0.000000,1629480553.163335
111.000000,-46744.714844,-43679.039063,-43082.226563,-52972.605469,-44750.089844,-53048.488281,-44164.183594,-51252.792969,-0.064000,-0.956000,0.220000,192.000000,0.000000,0.000000,0.000000,0.000000,0.000000,0.000000,0.000000,0.000000,0.000000,1629480553.166323
112.000000,-46759.734375,-43693.656250,-43092.707031,-52972.625000,-44743.964844,-53041.269531,-44156.519531,-51258.894531,-0.064000,-0.956000,0.220000,192.000000,0.000000,0.000000,0.000000,0.000000,0.000000,0.000000,0.000000,0.000000,0.000000,1629480553.170333
113.000000,-46811.679688,-43746.476563,-43134.773438,-52984.226563,-44758.406250,-53002.308594,-44162.375000,-51275.101563,-0.064000,-0.956000,0.220000,192.000000,0.000000,0.000000,0.000000,0.000000,0.000000,0.000000,0.000000,0.000000,0.000000,1629480553.174324
114.000000,-46828.781250,-43764.312500,-43150.042969,-52991.535156,-44774.453125,-52986.460938,-44175.179688,-51279.035156,-0.064000,-0.956000,0.220000,192.000000,0.000000,0.000000,0.000000,0.000000,0.000000,0.000000,0.000000,0.000000,0.000000,1629480553.178333
115.000000,-46786.042969,-43722.804688,-43118.769531,-52984.605469,-44771.480469,-53013.843750,-44177.796875,-51266.628906,-0.060000,-0.956000,0.216000,192.000000,254.000000,32.000000,226.000000,32.000000,6.000000,192.000000,0.000000,0.000000,0.000000,1629480553.182334
116.000000,-46741.652344,-43679.398438,-43085.066406,-52972.402344,-44752.527344,-53047.437500,-44168.476563,-51253.597656,-0.060000,-0.956000,0.216000,192.000000,0.000000,0.000000,0.000000,0.000000,0.000000,0.000000,0.000000,0.000000,0.000000,1629480553.186366
117.000000,-46754.550781,-43692.875000,-43094.406250,-52968.761719,-44742.625000,-53038.988281,-44158.933594,-51257.710938,-0.060000,-0.956000,0.216000,192.000000,0.000000,0.000000,0.000000,0.000000,0.000000,0.000000,0.000000,0.000000,0.000000,1629480553.191359
118.000000,-46807.859375,-43745.582031,-43136.496094,-52979.824219,-44759.187500,-53002.488281,-44166.242188,-51276.261719,-0.060000,-0.956000,0.216000,192.000000,0.000000,0.000000,0.000000,0.000000,0.000000,0.000000,0.000000,0.000000,0.000000,1629480553.194350
119.000000,-46825.785156,-43764.089844,-43153.125000,-52988.675781,-44775.996094,-52988.273438,-44179.136719,-51282.410156,-0.060000,-0.956000,0.216000,192.000000,0.000000,0.000000,0.000000,0.000000,0.000000,0.000000,0.000000,0.000000,0.000000,1629480553.198343
120.000000,-46784.882813,-43723.675781,-43122.792969,-52983.109375,-44771.593750,-53015.699219,-44181.820313,-51269.335938,-0.060000,-0.956000,0.216000,192.000000,0.000000,0.000000,0.000000,0.000000,0.000000,0.000000,0.000000,0.000000,0.000000,1629480553.202339
121.000000,-46739.597656,-43678.773438,-43087.769531,-52969.921875,-44753.621094,-53048.308594,-44171.718750,-51254.648438,-0.060000,-0.956000,0.216000,192.000000,0.000000,0.000000,0.000000,0.000000,0.000000,0.000000,0.000000,0.000000,0.000000,1629480553.206371
122.000000,-46751.847656,-43691.535156,-43096.218750,-52969.429688,-44744.750000,-53041.292969,-44161.750000,-51259.589844,-0.060000,-0.956000,0.216000,192.000000,0.000000,0.000000,0.000000,0.000000,0.000000,0.000000,0.000000,0.000000,0.000000,1629480553.210369
123.000000,-46806.832031,-43746.363281,-43139.757813,-52984.496094,-44760.507813,-53007.183594,-44167.917969,-51280.511719,-0.060000,-0.956000,0.216000,192.000000,0.000000,0.000000,0.000000,0.000000,0.000000,0.000000,0.000000,0.000000,0.000000,1629480553.214391
124.000000,-46824.445313,-43764.019531,-43153.730469,-52989.949219,-44774.476563,-52989.078125,-44178.800781,-51283.238281,-0.060000,-0.956000,0.216000,192.000000,0.000000,0.000000,0.000000,0.000000,0.000000,0.000000,0.000000,0.000000,0.000000,1629480553.219380
125.000000,-46782.914063,-43723.789063,-43120.179688,-52980.652344,-44769.449219,-53014.582031,-44180.144531,-51266.585938,-0.064000,-0.952000,0.216000,192.000000,254.000000,0.000000,226.000000,64.000000,6.000000,192.000000,0.000000,0.000000,0.000000,1629480553.222402
126.000000,-46735.417969,-43677.003906,-43082.539063,-52965.675781,-44749.734375,-53047.593750,-44169.480469,-51250.691406,-0.064000,-0.952000,0.216000,192.000000,0.000000,0.000000,0.000000,0.000000,0.000000,0.000000,0.000000,0.000000,0.000000,1629480553.226401
127.000000,-46748.382813,-43689.632813,-43092.082031,-52966.679688,-44743.183594,-53045.203125,-44161.726563,-51258.828125,-0.064000,-0.952000,0.216000,192.000000,0.000000,0.000000,0.000000,0.000000,0.000000,0.000000,0.000000,0.000000,0.000000,1629480553.230397
128.000000,-46803.210938,-43744.128906,-43134.550781,-52980.359375,-44757.937500,-53008.992188,-44166.195313,-51277.515625,-0.064000,-0.952000,0.216000,192.000000,0.000000,0.000000,0.000000,0.000000,0.000000,0.000000,0.000000,0.000000,0.000000,1629480553.234396
129.000000,-46823.730469,-43764.847656,-43151.964844,-52988.964844,-44774.878906,-52990.308594,-44178.109375,-51282.097656,-0.064000,-0.952000,0.216000,192.000000,0.000000,0.000000,0.000000,0.000000,0.000000,0.000000,0.000000,0.000000,0.000000,1629480553.238395
130.000000,-46783.183594,-43724.570313,-43120.492188,-52980.941406,-44769.625000,-53014.582031,-44181.105469,-51268.460938,-0.064000,-0.952000,0.216000,192.000000,0.000000,0.000000,0.000000,0.000000,0.000000,0.000000,0.000000,0.000000,0.000000,1629480553.242413
131.000000,-46736.332031,-43678.703125,-43083.789063,-52966.972656,-44751.296875,-53047.527344,-44169.726563,-51251.363281,-0.064000,-0.952000,0.216000,192.000000,0.000000,0.000000,0.000000,0.000000,0.000000,0.000000,0.000000,0.000000,0.000000,1629480553.246426
132.000000,-46747.242188,-43689.187500,-43091.769531,-52964.492188,-44742.847656,-53041.222656,-44158.843750,-51253.980469,-0.064000,-0.952000,0.216000,192.000000,0.000000,0.000000,0.000000,0.000000,0.000000,0.000000,0.000000,0.000000,0.000000,1629480553.249444
133.000000,-46802.093750,-43743.523438,-43135.648438,-52978.886719,-44757.625000,-53007.605469,-44164.230469,-51272.261719,-0.064000,-0.952000,0.216000,192.000000,0.000000,0.000000,0.000000,0.000000,0.000000,0.000000,0.000000,0.000000,0.000000,1629480553.253439
134.000000,-46824.398438,-43766.660156,-43155.136719,-52989.992188,-44775.035156,-52992.476563,-44177.976563,-51279.527344,-0.064000,-0.952000,0.216000,192.000000,0.000000,0.000000,0.000000,0.000000,0.000000,0.000000,0.000000,0.000000,0.000000,1629480553.258430
135.000000,-46782.625000,-43725.843750,-43122.144531,-52981.253906,-44769.738281,-53013.910156,-44179.136719,-51265.402344,-0.064000,-0.950000,0.220000,192.000000,254.000000,0.000000,226.000000,80.000000,6.000000,224.000000,0.000000,0.000000,0.000000,1629480553.262451
136.000000,-46735.527344,-43679.507813,-43083.187500,-52967.664063,-44749.285156,-53046.722656,-44168.320313,-51251.609375,-0.064000,-0.950000,0.220000,192.000000,0.000000,0.000000,0.000000,0.000000,0.000000,0.000000,0.000000,0.000000,0.000000,1629480553.266449
137.000000,-46745.476563,-43690.593750,-43090.117188,-52967.640625,-44741.507813,-53042.855469,-44158.687500,-51256.394531,-0.064000,-0.950000,0.220000,192.000000,0.000000,0.000000,0.000000,0.000000,0.000000,0.000000,0.000000,0.000000,0.000000,1629480553.270451
138.000000,-46796.839844,-43741.066406,-43131.468750,-52978.863281,-44752.707031,-53005.527344,-44162.933594,-51273.582031,-0.064000,-0.950000,0.220000,192.000000,0.000000,0.000000,0.000000,0.000000,0.000000,0.000000,0.000000,0.000000,0.000000,1629480553.274466
139.000000,-46816.421875,-43760.445313,-43147.246094,-52983.957031,-44765.871094,-52984.070313,-44172.121094,-51277.828125,-0.064000,-0.950000,0.220000,192.000000,0.000000,0.000000,0.000000,0.000000,0.000000,0.000000,0.000000,0.000000,0.000000,1629480553.277466
140.000000,-46779.113281,-43723.808594,-43118.839844,-52978.011719,-44764.460938,-53009.820313,-44177.281250,-51265.601563,-0.064000,-0.950000,0.220000,192.000000,0.000000,0.000000,0.000000,0.000000,0.000000,0.000000,0.000000,0.000000,0.000000,1629480553.281552
141.000000,-46730.296875,-43676.359375,-43082.070313,-52965.472656,-44746.781250,-53045.179688,-44168.519531,-51252.617188,-0.064000,-0.950000,0.220000,192.000000,0.000000,0.000000,0.000000,0.000000,0.000000,0.000000,0.000000,0.000000,0.000000,1629480553.286550
142.000000,-46739.082031,-43685.523438,-43088.730469,-52963.796875,-44738.445313,-53042.183594,-44158.460938,-51257.085938,-0.064000,-0.950000,0.220000,192.000000,0.000000,0.000000,0.000000,0.000000,0.000000,0.000000,0.000000,0.000000,0.000000,1629480553.290543
143.000000,-46790.203125,-43736.148438,-43128.160156,-52974.839844,-44748.660156,-53004.187500,-44160.765625,-51272.687500,-0.064000,-0.950000,0.220000,192.000000,0.000000,0.000000,0.000000,0.000000,0.000000,0.000000,0.000000,0.000000,0.000000,1629480553.294552
144.000000,-46814.921875,-43759.437500,-43147.851563,-52985.078125,-44765.042969,-52984.628906,-44172.855469,-51279.953125,-0.064000,-0.950000,0.220000,192.000000,0.000000,0.000000,0.000000,0.000000,0.000000,0.000000,0.000000,0.000000,0.000000,1629480553.298546
145.000000,-46777.929688,-43722.894531,-43119.441406,-52979.289063,-44763.835938,-53008.679688,-44178.914063,-51265.937500,-0.064000,-0.950000,0.214000,192.000000,254.000000,0.000000,226.000000,80.000000,6.000000,176.000000,0.000000,0.000000,0.000000,1629480553.301545
146.000000,-46728.085938,-43675.351563,-43080.058594,-52965.406250,-44745.710938,-53041.605469,-44167.539063,-51248.457031,-0.064000,-0.950000,0.214000,192.000000,0.000000,0.000000,0.000000,0.000000,0.000000,0.000000,0.000000,0.000000,0.000000,1629480553.305553
147.000000,-46735.238281,-43683.109375,-43085.667969,-52963.484375,-44738.488281,-53040.664063,-44156.605469,-51252.214844,-0.064000,-0.950000,0.214000,192.000000,0.000000,0.000000,0.000000,0.000000,0.000000,0.000000,0.000000,0.000000,0.000000,1629480553.309558
148.000000,-46790.222656,-43737.601563,-43129.457031,-52977.523438,-44753.578125,-53006.734375,-44161.835938,-51270.316406,-0.064000,-0.950000,0.214000,192.000000,0.000000,0.000000,0.000000,0.000000,0.000000,0.000000,0.000000,0.000000,0.000000,1629480553.314548
149.000000,-46817.515625,-43764.757813,-43151.628906,-52988.429688,-44773.023438,-52987.847656,-44175.292969,-51279.191406,-0.064000,-0.950000,0.214000,192.000000,0.000000,0.000000,0.000000,0.000000,0.000000,0.000000,0.000000,0.000000,0.000000,1629480553.318544
150.000000,-46779.718750,-43727.343750,-43122.144531,-52980.046875,-44769.917969,-53008.210938,-44177.214844,-51265.734375,-0.064000,-0.950000,0.214000,192.000000,0.000000,0.000000,0.000000,0.000000,0.000000,0.000000,0.000000,0.000000,0.000000,1629480553.322557
151.000000,-46730.589844,-43677.519531,-43081.914063,-52964.402344,-44750.156250,-53040.753906,-44168.050781,-51249.171875,-0.064000,-0.950000,0.214000,192.000000,0.000000,0.000000,0.000000,0.000000,0.000000,0.000000,0.000000,0.000000,0.000000,1629480553.325547
152.000000,-46736.980469,-43684.070313,-43087.882813,-52963.261719,-44741.843750,-53040.218750,-44160.117188,-51256.101563,-0.064000,-0.950000,0.214000,192.000000,0.000000,0.000000,0.000000,0.000000,0.000000,0.000000,0.000000,0.000000,0.000000,1629480553.329544
153.000000,-46788.703125,-43735.300781,-43128.875000,-52974.214844,-44754.269531,-53004.277344,-44161.882813,-51273.691406,-0.064000,-0.950000,0.214000,192.000000,0.000000,0.000000,0.000000,0.000000,0.000000,0.000000,0.000000,0.000000,0.000000,1629480553.333549
154.000000,-46815.300781,-43761.519531,-43150.332031,-52985.121094,-44771.750000,-52984.519531,-44173.101563,-51279.394531,-0.064000,-0.950000,0.214000,192.000000,0.000000,0.000000,0.000000,0.000000,0.000000,0.000000,0.000000,0.000000,0.000000,1629480553.337573
155.000000,-46780.835938,-43726.671875,-43123.980469,-52979.957031,-44768.574219,-53007.093750,-44177.214844,-51264.707031,-0.066000,-0.950000,0.216000,192.000000,253.000000,240.000000,226.000000,80.000000,6.000000,192.000000,0.000000,0.000000,0.000000,1629480553.341594
156.000000,-46732.289063,-43677.632813,-43086.273438,-52965.562500,-44751.632813,-53040.664063,-44169.257813,-51249.507813,-0.066000,-0.950000,0.216000,192.000000,0.000000,0.000000,0.000000,0.000000,0.000000,0.000000,0.000000,0.000000,0.000000,1629480553.346578
157.000000,-46738.300781,-43682.863281,-43091.078125,-52963.843750,-44742.222656,-53040.664063,-44160.093750,-51253.218750,-0.066000,-0.950000,0.216000,192.000000,0.000000,0.000000,0.000000,0.000000,0.000000,0.000000,0.000000,0.000000,0.000000,1629480553.350579
158.000000,-46790.269531,-43734.851563,-43131.242188,-52976.851563,-44753.621094,-53007.406250,-44159.960938,-51269.511719,-0.066000,-0.950000,0.216000,192.000000,0.000000,0.000000,0.000000,0.000000,0.000000,0.000000,0.000000,0.000000,0.000000,1629480553.353573
159.000000,-46818.140625,-43763.417969,-43153.863281,-52988.093750,-44770.742188,-52988.160156,-44173.484375,-51277.714844,-0.066000,-0.950000,0.216000,192.000000,0.000000,0.000000,0.000000,0.000000,0.000000,0.000000,0.000000,0.000000,0.000000,1629480553.357606
160.000000,-46785.128906,-43730.804688,-43126.839844,-52982.105469,-44769.894531,-53009.886719,-44179.695313,-51264.394531,-0.066000,-0.950000,0.216000,192.000000,0.000000,0.000000,0.000000,0.000000,0.000000,0.000000,0.000000,0.000000,0.000000,1629480553.361607
161.000000,-46735.214844,-43681.832031,-43087.031250,-52968.378906,-44752.503906,-53044.980469,-44169.996094,-51248.347656,-0.066000,-0.950000,0.216000,192.000000,0.000000,0.000000,0.000000,0.000000,0.000000,0.000000,0.000000,0.000000,0.000000,1629480553.365596
162.000000,-46738.300781,-43685.367188,-43088.929688,-52963.820313,-44742.378906,-53045.316406,-44160.316406,-51251.898438,-0.066000,-0.950000,0.216000,192.000000,0.000000,0.000000,0.000000,0.000000,0.000000,0.000000,0.000000,0.000000,0.000000,1629480553.370594
163.000000,-46787.070313,-43733.957031,-43127.128906,-52971.910156,-44751.968750,-53008.968750,-44160.160156,-51265.601563,-0.066000,-0.950000,0.216000,192.000000,0.000000,0.000000,0.000000,0.000000,0.000000,0.000000,0.000000,0.000000,0.000000,1629480553.374684
164.000000,-46814.250000,-43762.277344,-43150.554688,-52981.878906,-44769.671875,-52987.601563,-44173.101563,-51273.828125,-0.066000,-0.952000,0.214000,192.000000,253.000000,240.000000,226.000000,64.000000,6.000000,176.000000,0.000000,0.000000,0.000000,1629480553.378633
165.000000,-46781.527344,-43730.492188,-43125.835938,-52978.503906,-44768.687500,-53008.546875,-44178.042969,-51263.523438,-0.066000,-0.952000,0.214000,192.000000,0.000000,0.000000,0.000000,0.000000,0.000000,0.000000,0.000000,0.000000,0.000000,1629480553.381629
166.000000,-46732.957031,-43682.371094,-43086.585938,-52965.652344,-44750.335938,-53044.062500,-44168.609375,-51249.886719,-0.066000,-0.952000,0.214000,192.000000,0.000000,0.000000,0.000000,0.000000,0.000000,0.000000,0.000000,0.000000,0.000000,1629480553.385624
167.000000,-46736.578125,-43686.906250,-43089.175781,-52965.406250,-44740.660156,-53046.968750,-44159.468750,-51256.796875,-0.066000,-0.952000,0.214000,192.000000,0.000000,0.000000,0.000000,0.000000,0.000000,0.000000,0.000000,0.000000,0.000000,1629480553.389615
168.000000,-46786.871094,-43737.488281,-43128.515625,-52976.335938,-44751.050781,-53010.960938,-44161.101563,-51273.761719,-0.066000,-0.952000,0.214000,192.000000,0.000000,0.000000,0.000000,0.000000,0.000000,0.000000,0.000000,0.000000,0.000000,1629480553.393660
169.000000,-46815.125000,-43764.625000,-43152.097656,-52985.726563,-44767.570313,-52986.640625,-44174.398438,-51281.738281,-0.066000,-0.952000,0.214000,192.000000,0.000000,0.000000,0.000000,0.000000,0.000000,0.000000,0.000000,0.000000,0.000000,1629480553.397645
170.000000,-46779.695313,-43730.226563,-43125.050781,-52978.214844,-44764.687500,-53004.925781,-44178.242188,-51268.015625,-0.066000,-0.952000,0.214000,192.000000,0.000000,0.000000,0.000000,0.000000,0.000000,0.000000,0.000000,0.000000,0.000000,1629480553.402655
171.000000,-46727.617188,-43680.468750,-43083.945313,-52964.042969,-44747.207031,-53038.406250,-44169.304688,-51250.445313,-0.066000,-0.952000,0.214000,192.000000,0.000000,0.000000,0.000000,0.000000,0.000000,0.000000,0.000000,0.000000,0.000000,1629480553.406649
172.000000,-46730.476563,-43682.863281,-43085.757813,-52961.093750,-44738.109375,-53040.957031,-44161.367188,-51252.726563,-0.066000,-0.952000,0.214000,192.000000,0.000000,0.000000,0.000000,0.000000,0.000000,0.000000,0.000000,0.000000,0.000000,1629480553.409654
173.000000,-46781.796875,-43734.671875,-43126.371094,-52971.777344,-44749.441406,-53007.250000,-44163.625000,-51269.625000,-0.066000,-0.952000,0.214000,192.000000,0.000000,0.000000,0.000000,0.000000,0.000000,0.000000,0.000000,0.000000,0.000000,1629480553.413687
174.000000,-46813.113281,-43766.433594,-43152.410156,-52983.175781,-44768.441406,-52985.968750,-44178.625000,-51279.460938,-0.066000,-0.954000,0.208000,192.000000,253.000000,240.000000,226.000000,48.000000,6.000000,128.000000,0.000000,0.000000,0.000000,1629480553.417666
175.000000,-46778.937500,-43732.574219,-43126.257813,-52977.121094,-44767.144531,-53003.406250,-44183.542969,-51264.929688,-0.066000,-0.954000,0.208000,192.000000,0.000000,0.000000,0.000000,0.000000,0.000000,0.000000,0.000000,0.000000,0.000000,1629480553.421678
176.000000,-46727.011719,-43681.746094,-43085.421875,-52963.910156,-44748.503906,-53038.562500,-44175.070313,-51246.378906,-0.066000,-0.954000,0.208000,192.000000,0.000000,0.000000,0.000000,0.000000,0.000000,0.000000,0.000000,0.000000,0.000000,1629480553.425675
177.000000,-46728.242188,-43682.394531,-43085.355469,-52961.449219,-44737.664063,-53042.789063,-44162.710938,-51248.277344,-0.066000,-0.954000,0.208000,192.000000,0.000000,0.000000,0.000000,0.000000,0.000000,0.000000,0.000000,0.000000,0.000000,1629480553.430726
178.000000,-46780.164063,-43732.617188,-43125.609375,-52972.402344,-44747.609375,-53009.933594,-44164.250000,-51267.078125,-0.066000,-0.954000,0.208000,192.000000,0.000000,0.000000,0.000000,0.000000,0.000000,0.000000,0.000000,0.000000,0.000000,1629480553.433703
179.000000,-46812.886719,-43763.687500,-43150.511719,-52983.824219,-44767.390625,-52985.343750,-44177.460938,-51276.890625,-0.066000,-0.954000,0.208000,192.000000,0.000000,0.000000,0.000000,0.000000,0.000000,0.000000,0.000000,0.000000,0.000000,1629480553.437698
180.000000,-46780.253906,-43732.171875,-43126.101563,-52978.640625,-44767.437500,-53003.203125,-44182.492188,-51264.417969,-0.066000,-0.954000,0.208000,192.000000,0.000000,0.000000,0.000000,0.000000,0.000000,0.000000,0.000000,0.000000,0.000000,1629480553.441703
181.000000,-46728.042969,-43681.050781,-43085.199219,-52964.421875,-44747.566406,-53038.609375,-44172.542969,-51246.691406,-0.066000,-0.954000,0.208000,192.000000,0.000000,0.000000,0.000000,0.000000,0.000000,0.000000,0.000000,0.000000,0.000000,1629480553.445695
182.000000,-46729.136719,-43684.046875,-43086.695313,-52962.277344,-44737.953125,-53043.527344,-44162.820313,-51249.554688,-0.066000,-0.954000,0.208000,192.000000,0.000000,0.000000,0.000000,0.000000,0.000000,0.000000,0.000000,0.000000,0.000000,1629480553.449698
183.000000,-46777.707031,-43732.953125,-43124.605469,-52972.515625,-44746.960938,-53008.679688,-44162.597656,-51268.304688,-0.066000,-0.954000,0.208000,192.000000,0.000000,0.000000,0.000000,0.000000,0.000000,0.000000,0.000000,0.000000,0.000000,1629480553.453720
184.000000,-46807.500000,-43762.656250,-43148.031250,-52982.125000,-44763.367188,-52983.332031,-44171.671875,-51275.859375,-0.064000,-0.952000,0.210000,192.000000,254.000000,0.000000,226.000000,64.000000,6.000000,144.000000,0.000000,0.000000,0.000000,1629480553.457751
185.000000,-46777.574219,-43732.394531,-43124.425781,-52978.906250,-44762.855469,-53001.707031,-44177.148438,-51263.703125,-0.064000,-0.952000,0.210000,192.000000,0.000000,0.000000,0.000000,0.000000,0.000000,0.000000,0.000000,0.000000,0.000000,1629480553.461719
186.000000,-46726.117188,-43681.363281,-43084.460938,-52966.300781,-44745.531250,-53038.496094,-44170.109375,-51248.503906,-0.064000,-0.952000,0.210000,192.000000,0.000000,0.000000,0.000000,0.000000,0.000000,0.000000,0.000000,0.000000,0.000000,1629480553.465728
187.000000,-46725.785156,-43679.843750,-43083.566406,-52962.480469,-44735.964844,-53045.718750,-44159.000000,-51252.414063,-0.064000,-0.952000,0.210000,192.000000,0.000000,0.000000,0.000000,0.000000,0.000000,0.000000,0.000000,0.000000,0.000000,1629480553.469754
188.000000,-46773.773438,-43728.414063,-43121.207031,-52972.894531,-44745.218750,-53011.808594,-44160.382813,-51270.207031,-0.064000,-0.952000,0.210000,192.000000,0.000000,0.000000,0.000000,0.000000,0.000000,0.000000,0.000000,0.000000,0.000000,1629480553.473764
189.000000,-46806.695313,-43761.003906,-43148.074219,-52984.183594,-44764.375000,-52986.640625,-44172.386719,-51278.722656,-0.064000,-0.952000,0.210000,192.000000,0.000000,0.000000,0.000000,0.000000,0.000000,0.000000,0.000000,0.000000,0.000000,1629480553.477757
190.000000,-46780.300781,-43733.488281,-43127.601563,-52981.144531,-44766.789063,-53004.523438,-44179.429688,-51267.792969,-0.064000,-0.952000,0.210000,192.000000,0.000000,0.000000,0.000000,0.000000,0.000000,0.000000,0.000000,0.000000,0.000000,1629480553.481750
191.000000,-46727.191406,-43681.207031,-43085.085938,-52965.964844,-44746.425781,-53040.957031,-44170.531250,-51248.367188,-0.064000,-0.952000,0.210000,192.000000,0.000000,0.000000,0.000000,0.000000,0.000000,0.000000,0.000000,0.000000,0.000000,1629480553.486753
192.000000,-46723.167969,-43678.414063,-43080.773438,-52960.578125,-44734.937500,-53044.039063,-44157.480469,-51247.585938,-0.064000,-0.952000,0.210000,192.000000,0.000000,0.000000,0.000000,0.000000,0.000000,0.000000,0.000000,0.000000,0.000000,1629480553.489771
193.000000,-46775.070313,-43729.667969,-43120.828125,-52973.207031,-44746.558594,-53010.355469,-44158.976563,-51265.355469,-0.064000,-0.952000,0.210000,192.000000,0.000000,0.000000,0.000000,0.000000,0.000000,0.000000,0.000000,0.000000,0.000000,1629480553.493778
194.000000,-46808.687500,-43763.015625,-43148.031250,-52985.343750,-44763.679688,-52985.300781,-44169.371094,-51274.453125,-0.070000,-0.954000,0.210000,192.000000,253.000000,208.000000,226.000000,48.000000,6.000000,144.000000,0.000000,0.000000,0.000000,1629480553.497777
195.000000,-46779.562500,-43734.406250,-43124.695313,-52981.679688,-44764.777344,-53002.644531,-44173.570313,-51263.835938,-0.070000,-0.954000,0.210000,192.000000,0.000000,0.000000,0.000000,0.000000,0.000000,0.000000,0.000000,0.000000,0.000000,1629480553.501789
196.000000,-46727.101563,-43682.726563,-43084.371094,-52967.621094,-44747.519531,-53038.476563,-44166.128906,-51246.042969,-0.070000,-0.954000,0.210000,192.000000,0.000000,0.000000,0.000000,0.000000,0.000000,0.000000,0.000000,0.000000,0.000000,1629480553.505807
197.000000,-46723.167969,-43679.488281,-43082.851563,-52963.597656,-44734.937500,-53044.085938,-44156.359375,-51245.621094,-0.070000,-0.954000,0.210000,192.000000,0.000000,0.000000,0.000000,0.000000,0.000000,0.000000,0.000000,0.000000,0.000000,1629480553.509808
198.000000,-46772.273438,-43727.363281,-43120.894531,-52973.273438,-44744.234375,-53010.757813,-44155.332031,-51261.445313,-0.070000,-0.954000,0.210000,192.000000,0.000000,0.000000,0.000000,0.000000,0.000000,0.000000,0.000000,0.000000,0.000000,1629480553.513804
199.000000,-46807.054688,-43762.613281,-43148.722656,-52984.382813,-44762.429688,-52984.406250,-44167.941406,-51270.652344,-0.070000,-0.954000,0.210000,192.000000,0.000000,0.000000,0.000000,0.000000,0.000000,0.000000,0.000000,0.000000,0.000000,1629480553.516800
200.000000,-46778.691406,-43735.253906,-43126.750000,-52978.953125,-44762.718750,-52999.492188,-44173.593750,-51259.992188,-0.070000,-0.954000,0.210000,192.000000,0.000000,0.000000,0.000000,0.000000,0.000000,0.000000,0.000000,0.000000,0.000000,1629480553.521830
201.000000,-46726.074219,-43683.644531,-43084.640625,-52964.265625,-44743.945313,-53033.019531,-44167.804688,-51244.031250,-0.070000,-0.954000,0.210000,192.000000,0.000000,0.000000,0.000000,0.000000,0.000000,0.000000,0.000000,0.000000,0.000000,1629480553.525831
202.000000,-46718.988281,-43677.742188,-43079.117188,-52957.898438,-44730.152344,-53037.425781,-44156.875000,-51243.207031,-0.070000,-0.954000,0.210000,192.000000,0.000000,0.000000,0.000000,0.000000,0.000000,0.000000,0.000000,0.000000,0.000000,1629480553.529835
203.000000,-46766.062500,-43725.261719,-43116.781250,-52967.886719,-44737.238281,-53004.277344,-44155.601563,-51260.574219,-0.070000,-0.954000,0.210000,192.000000,0.000000,0.000000,0.000000,0.000000,0.000000,0.000000,0.000000,0.000000,0.000000,1629480553.532835
204.000000,-46804.082031,-43763.753906,-43147.605469,-52980.652344,-44757.847656,-52978.371094,-44167.984375,-51272.800781,-0.062000,-0.954000,0.210000,192.000000,254.000000,16.000000,226.000000,48.000000,6.000000,144.000000,0.000000,0.000000,0.000000,1629480553.537839
205.000000,-46779.652344,-43740.550781,-43129.632813,-52979.691406,-44761.871094,-52994.351563,-44176.523438,-51263.476563,-0.062000,-0.954000,0.210000,192.000000,0.000000,0.000000,0.000000,0.000000,0.000000,0.000000,0.000000,0.000000,0.000000,1629480553.541861
206.000000,-46727.125000,-43688.472656,-43088.773438,-52966.992188,-44746.378906,-53030.339844,-44172.230469,-51247.718750,-0.062000,-0.954000,0.210000,192.000000,0.000000,0.000000,0.000000,0.000000,0.000000,0.000000,0.000000,0.000000,0.000000,1629480553.545860
207.000000,-46719.101563,-43680.605469,-43082.046875,-52960.871094,-44732.699219,-53037.355469,-44159.019531,-51248.347656,-0.062000,-0.954000,0.210000,192.000000,0.000000,0.000000,0.000000,0.000000,0.000000,0.000000,0.000000,0.000000,0.000000,1629480553.549863
208.000000,-46768.093750,-43728.750000,-43119.554688,-52970.347656,-44741.976563,-53006.265625,-44158.640625,-51266.941406,-0.062000,-0.954000,0.210000,192.000000,0.000000,0.000000,0.000000,0.000000,0.000000,0.000000,0.000000,0.000000,0.000000,1629480553.552857
209.000000,-46805.601563,-43764.757813,-43148.453125,-52982.261719,-44762.808594,-52979.691406,-44169.480469,-51278.187500,-0.062000,-0.954000,0.210000,192.000000,0.000000,0.000000,0.000000,0.000000,0.000000,0.000000,0.000000,0.000000,0.000000,1629480553.556869
210.000000,-46778.625000,-43739.210938,-43127.914063,-52978.238281,-44765.402344,-52993.078125,-44173.460938,-51266.339844,-0.062000,-0.954000,0.210000,192.000000,0.000000,0.000000,0.000000,0.000000,0.000000,0.000000,0.000000,0.000000,0.000000,1629480553.560891
211.000000,-46725.695313,-43686.976563,-43085.355469,-52964.558594,-44748.503906,-53030.160156,-44165.054688,-51250.042969,-0.062000,-0.954000,0.210000,192.000000,0.000000,0.000000,0.000000,0.000000,0.000000,0.000000,0.000000,0.000000,0.000000,1629480553.564903
212.000000,-46718.542969,-43679.242188,-43078.761719,-52958.925781,-44737.484375,-53039.769531,-44152.917969,-51250.222656,-0.062000,-0.954000,0.210000,192.000000,0.000000,0.000000,0.000000,0.000000,0.000000,0.000000,0.000000,0.000000,0.000000,1629480553.569878
213.000000,-46766.621094,-43725.308594,-43115.933594,-52968.445313,-44746.671875,-53007.964844,-44152.269531,-51265.937500,-0.062000,-0.954000,0.210000,192.000000,0.000000,0.000000,0.000000,0.000000,0.000000,0.000000,0.000000,0.000000,0.000000,1629480553.573884
214.000000,-46804.886719,-43762.410156,-43146.421875,-52981.835938,-44766.453125,-52980.136719,-44164.585938,-51278.746094,-0.060000,-0.954000,0.216000,192.000000,254.000000,32.000000,226.000000,48.000000,6.000000,192.000000,0.000000,0.000000,0.000000,1629480553.577882
215.000000,-46780.769531,-43738.093750,-43128.941406,-52980.496094,-44772.195313,-52995.425781,-44173.707031,-51270.675781,-0.060000,-0.954000,0.216000,192.000000,0.000000,0.000000,0.000000,0.000000,0.000000,0.000000,0.000000,0.000000,0.000000,1629480553.580907
216.000000,-46727.347656,-43685.367188,-43087.656250,-52969.496094,-44756.929688,-53035.101563,-44167.000000,-51254.156250,-0.060000,-0.954000,0.216000,192.000000,0.000000,0.000000,0.000000,0.000000,0.000000,0.000000,0.000000,0.000000,0.000000,1629480553.584913
217.000000,-46716.664063,-43674.593750,-43078.179688,-52962.589844,-44740.972656,-53042.542969,-44156.046875,-51248.457031,-0.060000,-0.954000,0.216000,192.000000,0.000000,0.000000,0.000000,0.000000,0.000000,0.000000,0.000000,0.000000,0.000000,1629480553.588912
218.000000,-46765.437500,-43722.937500,-43116.378906,-52973.183594,-44749.910156,-53012.187500,-44157.792969,-51264.886719,-0.060000,-0.954000,0.216000,192.000000,0.000000,0.000000,0.000000,0.000000,0.000000,0.000000,0.000000,0.000000,0.000000,1629480553.592927
219.000000,-46803.367188,-43760.355469,-43145.660156,-52983.398438,-44766.339844,-52982.437500,-44168.117188,-51272.910156,-0.060000,-0.954000,0.216000,192.000000,0.000000,0.000000,0.000000,0.000000,0.000000,0.000000,0.000000,0.000000,0.000000,1629480553.597904
220.000000,-46780.457031,-43738.070313,-43128.582031,-52980.828125,-44771.078125,-52996.921875,-44175.582031,-51265.488281,-0.060000,-0.954000,0.216000,192.000000,0.000000,0.000000,0.000000,0.000000,0.000000,0.000000,0.000000,0.000000,0.000000,1629480553.601939
221.000000,-46728.644531,-43686.171875,-43088.058594,-52967.531250,-44757.445313,-53035.234375,-44172.031250,-51250.558594,-0.060000,-0.954000,0.216000,192.000000,0.000000,0.000000,0.000000,0.000000,0.000000,0.000000,0.000000,0.000000,0.000000,1629480553.605930
222.000000,-46717.269531,-43675.574219,-43079.410156,-52960.937500,-44744.078125,-53044.308594,-44159.355469,-51247.765625,-0.060000,-0.954000,0.216000,192.000000,0.000000,0.000000,0.000000,0.000000,0.000000,0.000000,0.000000,0.000000,0.000000,1629480553.608932
223.000000,-46760.339844,-43719.429688,-43113.808594,-52968.515625,-44749.242188,-53013.597656,-44157.792969,-51262.539063,-0.068000,-0.950000,0.218000,192.000000,253.000000,224.000000,226.000000,80.000000,6.000000,208.000000,0.000000,0.000000,0.000000,1629480553.612934
224.000000,-46800.953125,-43759.996094,-43146.531250,-52981.320313,-44769.066406,-52985.187500,-44168.410156,-51275.054688,-0.068000,-0.950000,0.218000,192.000000,0.000000,0.000000,0.000000,0.000000,0.000000,0.000000,0.000000,0.000000,0.000000,1629480553.616936
225.000000,-46778.042969,-43737.175781,-43128.515625,-52977.902344,-44771.882813,-52994.332031,-44175.472656,-51266.070313,-0.068000,-0.950000,0.218000,192.000000,0.000000,0.000000,0.000000,0.000000,0.000000,0.000000,0.000000,0.000000,0.000000,1629480553.620968
226.000000,-46723.660156,-43684.449219,-43086.226563,-52964.937500,-44755.210938,-53032.039063,-44170.218750,-51249.710938,-0.068000,-0.950000,0.218000,192.000000,0.000000,0.000000,0.000000,0.000000,0.000000,0.000000,0.000000,0.000000,0.000000,1629480553.625959
227.000000,-46712.195313,-43675.082031,-43077.488281,-52959.910156,-44741.933594,-53044.777344,-44160.675781,-51250.468750,-0.068000,-0.950000,0.218000,192.000000,0.000000,0.000000,0.000000,0.000000,0.000000,0.000000,0.000000,0.000000,0.000000,1629480553.629976
228.000000,-46757.523438,-43718.781250,-43112.246094,-52967.867188,-44747.832031,-53012.949219,-44158.687500,-51266.472656,-0.068000,-0.950000,0.218000,192.000000,0.000000,0.000000,0.000000,0.000000,0.000000,0.000000,0.000000,0.000000,0.000000,1629480553.632960
229.000000,-46798.472656,-43760.042969,-43146.218750,-52981.300781,-44769.984375,-52983.890625,-44172.902344,-51280.980469,-0.068000,-0.950000,0.218000,192.000000,0.000000,0.000000,0.000000,0.000000,0.000000,0.000000,0.000000,0.000000,0.000000,1629480553.637017
230.000000,-46776.566406,-43740.261719,-43131.265625,-52980.250000,-44774.789063,-52995.695313,-44181.484375,-51272.417969,-0.068000,-0.950000,0.218000,192.000000,0.000000,0.000000,0.000000,0.000000,0.000000,0.000000,0.000000,0.000000,0.000000,1629480553.641004
231.000000,-46721.937500,-43686.750000,-43088.820313,-52966.859375,-44758.003906,-53031.859375,-44173.035156,-51254.312500,-0.068000,-0.950000,0.218000,192.000000,0.000000,0.000000,0.000000,0.000000,0.000000,0.000000,0.000000,0.000000,0.000000,1629480553.645002
232.000000,-46708.617188,-43673.718750,-43077.488281,-52959.261719,-44743.207031,-53041.804688,-44160.273438,-51252.257813,-0.068000,-0.950000,0.218000,192.000000,0.000000,0.000000,0.000000,0.000000,0.000000,0.000000,0.000000,0.000000,0.000000,1629480553.649002
233.000000,-46753.187500,-43718.289063,-43112.289063,-52967.796875,-44749.019531,-53011.742188,-44157.925781,-51268.285156,-0.074000,-0.952000,0.218000,192.000000,253.000000,176.000000,226.000000,64.000000,6.000000,208.000000,0.000000,0.000000,0.000000,1629480553.652999
234.000000,-46795.363281,-43761.742188,-43145.929688,-52981.835938,-44769.222656,-52981.835938,-44168.988281,-51281.539063,-0.074000,-0.952000,0.218000,192.000000,0.000000,0.000000,0.000000,0.000000,0.000000,0.000000,0.000000,0.000000,0.000000,1629480553.658027
235.000000,-46777.015625,-43743.277344,-43131.398438,-52981.656250,-44772.843750,-52993.636719,-44175.941406,-51272.375000,-0.074000,-0.952000,0.218000,192.000000,0.000000,0.000000,0.000000,0.000000,0.000000,0.000000,0.000000,0.000000,0.000000,1629480553.661010
236.000000,-46723.726563,-43690.035156,-43088.507813,-52968.402344,-44756.394531,-53030.496094,-44171.070313,-51252.859375,-0.074000,-0.952000,0.218000,192.000000,0.000000,0.000000,0.000000,0.000000,0.000000,0.000000,0.000000,0.000000,0.000000,1629480553.665003
237.000000,-46710.316406,-43677.585938,-43077.332031,-52961.472656,-44740.457031,-53042.074219,-44159.871094,-51247.699219,-0.074000,-0.952000,0.218000,192.000000,0.000000,0.000000,0.000000,0.000000,0.000000,0.000000,0.000000,0.000000,0.000000,1629480553.669004
238.000000,-46753.992188,-43722.761719,-43112.980469,-52970.324219,-44747.093750,-53013.777344,-44157.300781,-51264.886719,-0.074000,-0.952000,0.218000,192.000000,0.000000,0.000000,0.000000,0.000000,0.000000,0.000000,0.000000,0.000000,0.000000,1629480553.673009
239.000000,-46792.527344,-43761.742188,-43144.207031,-52981.457031,-44764.460938,-52981.343750,-44166.351563,-51278.363281,-0.074000,-0.952000,0.218000,192.000000,0.000000,0.000000,0.000000,0.000000,0.000000,0.000000,0.000000,0.000000,0.000000,1629480553.677033
240.000000,-46774.980469,-43744.484375,-43131.152344,-52981.722656,-44769.515625,-52993.054688,-44173.929688,-51271.636719,-0.074000,-0.952000,0.218000,192.000000,0.000000,0.000000,0.000000,0.000000,0.000000,0.000000,0.000000,0.000000,0.000000,1629480553.682035
241.000000,-46723.546875,-43693.433594,-43090.585938,-52970.613281,-44756.148438,-53030.988281,-44168.117188,-51253.308594,-0.074000,-0.952000,0.218000,192.000000,0.000000,0.000000,0.000000,0.000000,0.000000,0.000000,0.000000,0.000000,0.000000,1629480553.686045
242.000000,-46707.902344,-43677.675781,-43078.402344,-52962.253906,-44742.425781,-53042.968750,-44156.117188,-51248.078125,-0.074000,-0.952000,0.218000,192.000000,0.000000,0.000000,0.000000,0.000000,0.000000,0.000000,0.000000,0.000000,0.000000,1629480553.689038
243.000000,-46751.777344,-43720.769531,-43113.207031,-52970.480469,-44749.507813,-53015.050781,-44154.214844,-51265.535156,-0.066000,-0.958000,0.218000,192.000000,253.000000,240.000000,226.000000,16.000000,6.000000,208.000000,0.000000,0.000000,0.000000,1629480553.693043
244.000000,-46792.593750,-43762.277344,-43145.257813,-52983.289063,-44766.027344,-52984.273438,-44164.074219,-51277.269531,-0.066000,-0.958000,0.218000,192.000000,0.000000,0.000000,0.000000,0.000000,0.000000,0.000000,0.000000,0.000000,0.000000,1629480553.697067
245.000000,-46772.164063,-43742.429688,-43129.523438,-52980.179688,-44766.945313,-52992.093750,-44169.214844,-51265.242188,-0.066000,-0.958000,0.218000,192.000000,0.000000,0.000000,0.000000,0.000000,0.000000,0.000000,0.000000,0.000000,0.000000,1629480553.701071
246.000000,-46718.855469,-43690.664063,-43088.863281,-52966.750000,-44753.242188,-53031.343750,-44168.253906,-51249.238281,-0.066000,-0.958000,0.218000,192.000000,0.000000,0.000000,0.000000,0.000000,0.000000,0.000000,0.000000,0.000000,0.000000,1629480553.705058
247.000000,-46704.617188,-43676.042969,-43077.531250,-52960.265625,-44739.988281,-53044.777344,-44158.039063,-51245.820313,-0.066000,-0.958000,0.218000,192.000000,0.000000,0.000000,0.000000,0.000000,0.000000,0.000000,0.000000,0.000000,0.000000,1629480553.710066
248.000000,-46749.812500,-43719.832031,-43112.691406,-52970.683594,-44745.664063,-53017.957031,-44157.078125,-51261.601563,-0.066000,-0.958000,0.218000,192.000000,0.000000,0.000000,0.000000,0.000000,0.000000,0.000000,0.000000,0.000000,0.000000,1629480553.714086
249.000000,-46789.328125,-43760.757813,-43144.476563,-52982.664063,-44761.847656,-52985.902344,-44165.234375,-51272.574219,-0.066000,-0.958000,0.218000,192.000000,0.000000,0.000000,0.000000,0.000000,0.000000,0.000000,0.000000,0.000000,0.000000,1629480553.717085
250.000000,-46771.804688,-43743.390625,-43131.019531,-52980.562500,-44766.386719,-52991.515625,-44170.890625,-51262.898438,-0.066000,-0.958000,0.218000,192.000000,0.000000,0.000000,0.000000,0.000000,0.000000,0.000000,0.000000,0.000000,0.000000,1629480553.721093
251.000000,-46717.625000,-43688.539063,-43087.769531,-52966.300781,-44751.433594,-53027.656250,-44164.699219,-51243.628906,-0.066000,-0.958000,0.218000,192.000000,0.000000,0.000000,0.000000,0.000000,0.000000,0.000000,0.000000,0.000000,0.000000,1629480553.725103
252.000000,-46702.714844,-43673.718750,-43076.167969,-52961.136719,-44738.558594,-53042.164063,-44153.500000,-51242.511719,-0.066000,-0.958000,0.218000,192.000000,0.000000,0.000000,0.000000,0.000000,0.000000,0.000000,0.000000,0.000000,0.000000,1629480553.729108
253.000000,-46743.285156,-43715.519531,-43108.757813,-52969.296875,-44742.781250,-53011.921875,-44152.113281,-51258.941406,-0.062000,-0.952000,0.216000,192.000000,254.000000,16.000000,226.000000,64.000000,6.000000,192.000000,0.000000,0.000000,0.000000,1629480553.733115
254.000000,-46785.304688,-43757.808594,-43143.605469,-52981.320313,-44759.546875,-52981.300781,-44163.757813,-51272.777344,-0.062000,-0.952000,0.216000,192.000000,0.000000,0.000000,0.000000,0.000000,0.000000,0.000000,0.000000,0.000000,0.000000,1629480553.737123
255.000000,-46770.597656,-43743.726563,-43131.800781,-52982.437500,-44766.542969,-52990.082031,-44173.011719,-51268.460938,-0.062000,-0.952000,0.216000,192.000000,0.000000,0.000000,0.000000,0.000000,0.000000,0.000000,0.000000,0.000000,0.000000,1629480553.741111
0.000000,-46713.824219,-43687.464844,-43086.605469,-52966.414063,-44749.152344,-53026.070313,-44167.851563,-51249.976563,-0.062000,-0.952000,0.216000,192.000000,0.000000,0.000000,0.000000,0.000000,0.000000,0.000000,0.000000,0.000000,0.000000,1629480553.745113
1.000000,-46691.988281,-43665.183594,-43068.324219,-52955.593750,-44729.972656,-53038.140625,-44154.593750,-51242.980469,-0.062000,-0.952000,0.216000,192.000000,0.000000,0.000000,0.000000,0.000000,0.000000,0.000000,0.000000,0.000000,0.000000,1629480553.749142
2.000000,-46734.746094,-43706.734375,-43100.554688,-52963.550781,-44734.421875,-53012.277344,-44152.472656,-51258.003906,-0.062000,-0.952000,0.216000,192.000000,0.000000,0.000000,0.000000,0.000000,0.000000,0.000000,0.000000,0.000000,0.000000,1629480553.753143
3.000000,-46781.058594,-43752.242188,-43137.457031,-52978.035156,-44753.644531,-52983.199219,-44162.886719,-51272.554688,-0.062000,-0.952000,0.216000,192.000000,0.000000,0.000000,0.000000,0.000000,0.000000,0.000000,0.000000,0.000000,0.000000,1629480553.757156
4.000000,-46767.269531,-43738.652344,-43127.511719,-52979.152344,-44760.507813,-52988.316406,-44171.089844,-51264.886719,-0.062000,-0.952000,0.216000,192.000000,0.000000,0.000000,0.000000,0.000000,0.000000,0.000000,0.000000,0.000000,0.000000,1629480553.761137
5.000000,-46715.726563,-43688.160156,-43088.820313,-52967.753906,-44749.957031,-53024.460938,-44168.988281,-51248.011719,-0.062000,-0.952000,0.216000,192.000000,0.000000,0.000000,0.000000,0.000000,0.000000,0.000000,0.000000,0.000000,0.000000,1629480553.765145
6.000000,-46696.503906,-43669.695313,-43073.621094,-52958.632813,-44735.027344,-53040.574219,-44159.335938,-51243.585938,-0.062000,-0.952000,0.216000,192.000000,0.000000,0.000000,0.000000,0.000000,0.000000,0.000000,0.000000,0.000000,0.000000,1629480553.769161
7.000000,-46737.628906,-43710.800781,-43105.023438,-52965.699219,-44739.652344,-53013.777344,-44157.234375,-51259.500000,-0.064000,-0.954000,0.220000,192.000000,254.000000,0.000000,226.000000,48.000000,6.000000,224.000000,0.000000,0.000000,0.000000,1629480553.772171
8.000000,-46782.691406,-43755.773438,-43140.273438,-52978.011719,-44757.667969,-52979.980469,-44165.054688,-51273.582031,-0.064000,-0.954000,0.220000,192.000000,0.000000,0.000000,0.000000,0.000000,0.000000,0.000000,0.000000,0.000000,0.000000,1629480553.777156
9.000000,-46769.101563,-43742.339844,-43129.945313,-52976.828125,-44762.808594,-52985.164063,-44171.269531,-51266.003906,-0.064000,-0.954000,0.220000,192.000000,0.000000,0.000000,0.000000,0.000000,0.000000,0.000000,0.000000,0.000000,0.000000,1629480553.781170
10.000000,-46717.425781,-43690.996094,-43088.597656,-52964.914063,-44750.156250,-53023.609375,-44166.464844,-51249.105469,-0.064000,-0.954000,0.220000,192.000000,0.000000,0.000000,0.000000,0.000000,0.000000,0.000000,0.000000,0.000000,0.000000,1629480553.785204
11.000000,-46699.074219,-43673.875000,-43073.507813,-52958.097656,-44735.382813,-53042.878906,-44155.019531,-51246.199219,-0.064000,-0.954000,0.220000,192.000000,0.000000,0.000000,0.000000,0.000000,0.000000,0.000000,0.000000,0.000000,0.000000,1629480553.789210
12.000000,-46738.414063,-43713.171875,-43103.816406,-52964.558594,-44737.664063,-53016.054688,-44150.593750,-51259.566406,-0.064000,-0.954000,0.220000,192.000000,0.000000,0.000000,0.000000,0.000000,0.000000,0.000000,0.000000,0.000000,0.000000,1629480553.793203
13.000000,-46785.394531,-43759.730469,-43141.300781,-52978.082031,-44757.199219,-52984.472656,-44161.523438,-51273.781250,-0.064000,-0.954000,0.220000,192.000000,0.000000,0.000000,0.000000,0.000000,0.000000,0.000000,0.000000,0.000000,0.000000,1629480553.797185
14.000000,-46772.453125,-43747.593750,-43131.421875,-52978.593750,-44763.144531,-52987.960938,-44169.281250,-51265.980469,-0.064000,-0.954000,0.220000,192.000000,0.000000,0.000000,0.000000,0.000000,0.000000,0.000000,0.000000,0.000000,0.000000,1629480553.800200
15.000000,-46720.062500,-43695.781250,-43089.355469,-52966.367188,-44751.031250,-53022.156250,-44163.558594,-51247.250000,-0.064000,-0.954000,0.220000,192.000000,0.000000,0.000000,0.000000,0.000000,0.000000,0.000000,0.000000,0.000000,0.000000,1629480553.805214
16.000000,-46698.691406,-43674.054688,-43072.234375,-52957.316406,-44735.203125,-53039.347656,-44154.574219,-51243.339844,-0.064000,-0.954000,0.220000,192.000000,0.000000,0.000000,0.000000,0.000000,0.000000,0.000000,0.000000,0.000000,0.000000,1629480553.809223
17.000000,-46739.328125,-43712.878906,-43103.371094,-52964.578125,-44740.902344,-53016.144531,-44150.996094,-51259.074219,-0.068000,-0.954000,0.220000,192.000000,253.000000,224.000000,226.000000,48.000000,6.000000,224.000000,0.000000,0.000000,0.000000,1629480553.813222
18.000000,-46784.816406,-43758.656250,-43139.378906,-52976.804688,-44759.613281,-52982.773438,-44158.460938,-51270.519531,-0.068000,-0.954000,0.220000,192.000000,0.000000,0.000000,0.000000,0.000000,0.000000,0.000000,0.000000,0.000000,0.000000,1629480553.817235
19.000000,-46775.316406,-43748.867188,-43131.980469,-52977.812500,-44767.121094,-52987.312500,-44167.425781,-51264.683594,-0.068000,-0.954000,0.220000,192.000000,0.000000,0.000000,0.000000,0.000000,0.000000,0.000000,0.000000,0.000000,0.000000,1629480553.820225
20.000000,-46720.308594,-43694.484375,-43089.667969,-52965.585938,-44753.554688,-53023.992188,-44164.050781,-51247.898438,-0.068000,-0.954000,0.220000,192.000000,0.000000,0.000000,0.000000,0.000000,0.000000,0.000000,0.000000,0.000000,0.000000,1629480553.824243
21.000000,-46696.414063,-43670.859375,-43070.894531,-52958.097656,-44737.417969,-53043.234375,-44153.007813,-51243.539063,-0.068000,-0.954000,0.220000,192.000000,0.000000,0.000000,0.000000,0.000000,0.000000,0.000000,0.000000,0.000000,0.000000,1629480553.828243
22.000000,-46735.976563,-43709.191406,-43100.890625,-52965.765625,-44739.675781,-53017.933594,-44148.179688,-51257.578125,-0.068000,-0.954000,0.220000,192.000000,0.000000,0.000000,0.000000,0.000000,0.000000,0.000000,0.000000,0.000000,0.000000,1629480553.834240
23.000000,-46786.289063,-43758.300781,-43141.078125,-52980.898438,-44760.886719,-52985.390625,-44158.238281,-51273.089844,-0.068000,-0.954000,0.220000,192.000000,0.000000,0.000000,0.000000,0.000000,0.000000,0.000000,0.000000,0.000000,0.000000,1629480553.837248
24.000000,-46776.542969,-43748.195313,-43134.328125,-52981.031250,-44768.687500,-52989.187500,-44167.625000,-51266.003906,-0.068000,-0.954000,0.220000,192.000000,0.000000,0.000000,0.000000,0.000000,0.000000,0.000000,0.000000,0.000000,0.000000,1629480553.841272
25.000000,-46721.156250,-43693.390625,-43090.453125,-52967.238281,-44753.242188,-53021.933594,-44164.921875,-51246.535156,-0.068000,-0.954000,0.220000,192.000000,0.000000,0.000000,0.000000,0.000000,0.000000,0.000000,0.000000,0.000000,0.000000,1629480553.845279
26.000000,-46698.625000,-43670.882813,-43071.898438,-52959.773438,-44736.746094,-53040.910156,-44155.019531,-51241.773438,-0.074000,-0.952000,0.222000,192.000000,253.000000,176.000000,226.000000,64.000000,6.000000,240.000000,0.000000,0.000000,0.000000,1629480553.848274
27.000000,-46737.070313,-43708.410156,-43101.894531,-52965.496094,-44738.222656,-53018.312500,-44150.660156,-51254.761719,-0.074000,-0.952000,0.222000,192.000000,0.000000,0.000000,0.000000,0.000000,0.000000,0.000000,0.000000,0.000000,0.000000,1629480553.852289
28.000000,-46787.386719,-43757.250000,-43141.613281,-52980.160156,-44758.292969,-52984.964844,-44161.660156,-51269.601563,-0.074000,-0.952000,0.222000,192.000000,0.000000,0.000000,0.000000,0.000000,0.000000,0.000000,0.000000,0.000000,0.000000,1629480553.856308
29.000000,-46778.535156,-43747.769531,-43135.804688,-52980.605469,-44766.832031,-52985.480469,-44171.695313,-51266.207031,-0.074000,-0.952000,0.222000,192.000000,0.000000,0.000000,0.000000,0.000000,0.000000,0.000000,0.000000,0.000000,0.000000,1629480553.860298
30.000000,-46725.917969,-43695.421875,-43094.250000,-52969.429688,-44753.800781,-53021.710938,-44168.968750,-51250.625000,-0.074000,-0.952000,0.222000,192.000000,0.000000,0.000000,0.000000,0.000000,0.000000,0.000000,0.000000,0.000000,0.000000,1629480553.865295
31.000000,-46700.011719,-43669.785156,-43072.726563,-52958.164063,-44733.996094,-53039.792969,-44157.589844,-51244.433594,-0.074000,-0.952000,0.222000,192.000000,0.000000,0.000000,0.000000,0.000000,0.000000,0.000000,0.000000,0.000000,0.000000,1629480553.869292
32.000000,-46737.136719,-43707.246094,-43100.578125,-52963.617188,-44735.695313,-53016.882813,-44155.890625,-51259.945313,-0.074000,-0.952000,0.222000,192.000000,0.000000,0.000000,0.000000,0.000000,0.000000,0.000000,0.000000,0.000000,0.000000,1629480553.873307
33.000000,-46785.953125,-43755.148438,-43139.648438,-52976.582031,-44753.601563,-52984.136719,-44166.734375,-51275.546875,-0.074000,-0.952000,0.222000,192.000000,0.000000,0.000000,0.000000,0.000000,0.000000,0.000000,0.000000,0.000000,0.000000,1629480553.876301
34.000000,-46774.957031,-43745.269531,-43132.406250,-52977.007813,-44761.019531,-52985.007813,-44175.113281,-51269.625000,-0.074000,-0.952000,0.222000,192.000000,0.000000,0.000000,0.000000,0.000000,0.000000,0.000000,0.000000,0.000000,0.000000,1629480553.880338
35.000000,-46722.164063,-43694.171875,-43092.062500,-52967.171875,-44751.589844,-53022.226563,-44173.640625,-51255.609375,-0.074000,-0.952000,0.222000,192.000000,0.000000,0.000000,0.000000,0.000000,0.000000,0.000000,0.000000,0.000000,0.000000,1629480553.884329
36.000000,-46696.792969,-43669.964844,-43071.542969,-52956.398438,-44734.937500,-53041.984375,-44159.781250,-51249.574219,-0.066000,-0.956000,0.224000,192.000000,253.000000,240.000000,226.000000,32.000000,7.000000,0.000000,0.000000,0.000000,0.000000,1629480553.889329
37.000000,-46733.113281,-43706.019531,-43099.972656,-52962.500000,-44737.550781,-53019.140625,-44157.480469,-51261.062500,-0.066000,-0.956000,0.224000,192.000000,0.000000,0.000000,0.000000,0.000000,0.000000,0.000000,0.000000,0.000000,0.000000,1629480553.893326
38.000000,-46781.929688,-43752.957031,-43138.128906,-52977.121094,-44756.550781,-52983.644531,-44165.457031,-51275.613281,-0.066000,-0.956000,0.224000,192.000000,0.000000,0.000000,0.000000,0.000000,0.000000,0.000000,0.000000,0.000000,0.000000,1629480553.897318
39.000000,-46777.082031,-43747.972656,-43134.910156,-52979.667969,-44765.757813,-52986.195313,-44172.812500,-51271.546875,-0.066000,-0.956000,0.224000,192.000000,0.000000,0.000000,0.000000,0.000000,0.000000,0.000000,0.000000,0.000000,0.000000,1629480553.901355
40.000000,-46722.496094,-43694.796875,-43092.062500,-52966.570313,-44752.058594,-53019.320313,-44167.960938,-51251.789063,-0.066000,-0.956000,0.224000,192.000000,0.000000,0.000000,0.000000,0.000000,0.000000,0.000000,0.000000,0.000000,0.000000,1629480553.904360
41.000000,-46696.035156,-43669.808594,-43070.871094,-52957.851563,-44735.941406,-53041.781250,-44157.726563,-51247.406250,-0.066000,-0.956000,0.224000,192.000000,0.000000,0.000000,0.000000,0.000000,0.000000,0.000000,0.000000,0.000000,0.000000,1629480553.908360
42.000000,-46733.339844,-43707.023438,-43100.265625,-52966.210938,-44739.250000,-53022.113281,-44154.730469,-51263.589844,-0.066000,-0.956000,0.224000,192.000000,0.000000,0.000000,0.000000,0.000000,0.000000,0.000000,0.000000,0.000000,0.000000,1629480553.912352
43.000000,-46781.417969,-43754.320313,-43138.015625,-52979.199219,-44755.320313,-52983.468750,-44162.777344,-51275.324219,-0.066000,-0.956000,0.224000,192.000000,0.000000,0.000000,0.000000,0.000000,0.000000,0.000000,0.000000,0.000000,0.000000,1629480553.916366
44.000000,-46775.269531,-43747.660156,-43132.695313,-52979.691406,-44762.136719,-52981.121094,-44171.605469,-51268.910156,-0.066000,-0.956000,0.224000,192.000000,0.000000,0.000000,0.000000,0.000000,0.000000,0.000000,0.000000,0.000000,0.000000,1629480553.921364
45.000000,-46725.894531,-43699.828125,-43094.789063,-52970.660156,-44754.718750,-53020.324219,-44173.550781,-51253.375000,-0.066000,-0.956000,0.224000,192.000000,0.000000,0.000000,0.000000,0.000000,0.000000,0.000000,0.000000,0.000000,0.000000,1629480553.925395
46.000000,-46698.894531,-43673.429688,-43073.820313,-52961.695313,-44739.675781,-53043.750000,-44161.433594,-51247.921875,-0.062000,-0.960000,0.220000,192.000000,254.000000,16.000000,226.000000,0.000000,6.000000,224.000000,0.000000,0.000000,0.000000,1629480553.928376
47.000000,-46732.289063,-43706.039063,-43100.285156,-52965.339844,-44740.500000,-53023.453125,-44155.109375,-51259.613281,-0.062000,-0.960000,0.220000,192.000000,0.000000,0.000000,0.000000,0.000000,0.000000,0.000000,0.000000,0.000000,0.000000,1629480553.932373
48.000000,-46782.445313,-43754.363281,-43139.222656,-52979.218750,-44757.847656,-52988.742188,-44162.328125,-51273.937500,-0.062000,-0.960000,0.220000,192.000000,0.000000,0.000000,0.000000,0.000000,0.000000,0.000000,0.000000,0.000000,0.000000,1629480553.936379
49.000000,-46780.343750,-43752.039063,-43137.636719,-52983.488281,-44767.839844,-52988.585938,-44173.011719,-51270.496094,-0.062000,-0.960000,0.220000,192.000000,0.000000,0.000000,0.000000,0.000000,0.000000,0.000000,0.000000,0.000000,0.000000,1629480553.940379
50.000000,-46728.980469,-43699.804688,-43097.648438,-52970.906250,-44754.628906,-53022.156250,-44169.570313,-51248.835938,-0.062000,-0.960000,0.220000,192.000000,0.000000,0.000000,0.000000,0.000000,0.000000,0.000000,0.000000,0.000000,0.000000,1629480553.944406
51.000000,-46697.417969,-43669.406250,-43072.792969,-52958.121094,-44735.652344,-53043.257813,-44156.472656,-51236.992188,-0.062000,-0.960000,0.220000,192.000000,0.000000,0.000000,0.000000,0.000000,0.000000,0.000000,0.000000,0.000000,0.000000,1629480553.949390
52.000000,-46731.503906,-43703.984375,-43099.906250,-52965.921875,-44737.730469,-53023.835938,-44153.144531,-51249.710938,-0.062000,-0.960000,0.220000,192.000000,0.000000,0.000000,0.000000,0.000000,0.000000,0.000000,0.000000,0.000000,0.000000,1629480553.953452
53.000000,-46784.324219,-43755.167969,-43140.921875,-52980.316406,-44756.328125,-52987.421875,-44163.222656,-51265.890625,-0.062000,-0.960000,0.220000,192.000000,0.000000,0.000000,0.000000,0.000000,0.000000,0.000000,0.000000,0.000000,0.000000,1629480553.956396
54.000000,-46780.746094,-43751.101563,-43138.417969,-52981.925781,-44764.886719,-52984.851563,-44172.277344,-51261.644531,-0.062000,-0.960000,0.220000,192.000000,0.000000,0.000000,0.000000,0.000000,0.000000,0.000000,0.000000,0.000000,0.000000,1629480553.960402
55.000000,-46727.527344,-43698.664063,-43096.687500,-52968.828125,-44753.218750,-53019.097656,-44166.976563,-51243.496094,-0.062000,-0.960000,0.220000,192.000000,0.000000,0.000000,0.000000,0.000000,0.000000,0.000000,0.000000,0.000000,0.000000,1629480553.964427
56.000000,-46699.410156,-43671.039063,-43074.535156,-52960.578125,-44736.320313,-53043.707031,-44156.003906,-51237.617188,-0.060000,-0.954000,0.222000,192.000000,254.000000,32.000000,226.000000,48.000000,6.000000,240.000000,0.000000,0.000000,0.000000,1629480553.968431
57.000000,-46731.730469,-43702.242188,-43098.339844,-52963.285156,-44735.160156,-53022.671875,-44151.019531,-51249.800781,-0.060000,-0.954000,0.222000,192.000000,0.000000,0.000000,0.000000,0.000000,0.000000,0.000000,0.000000,0.000000,0.000000,1629480553.972441
58.000000,-46782.000000,-43751.953125,-43137.480469,-52976.785156,-44751.699219,-52986.371094,-44159.089844,-51265.824219,-0.060000,-0.954000,0.222000,192.000000,0.000000,0.000000,0.000000,0.000000,0.000000,0.000000,0.000000,0.000000,0.000000,1629480553.977419
59.000000,-46781.910156,-43750.945313,-43136.496094,-52980.605469,-44761.378906,-52983.871094,-44171.738281,-51264.261719,-0.060000,-0.954000,0.222000,192.000000,0.000000,0.000000,0.000000,0.000000,0.000000,0.000000,0.000000,0.000000,0.000000,1629480553.981453
60.000000,-46730.769531,-43701.125000,-43096.464844,-52969.476563,-44751.140625,-53017.261719,-44170.531250,-51247.652344,-0.060000,-0.954000,0.222000,192.000000,0.000000,0.000000,0.000000,0.000000,0.000000,0.000000,0.000000,0.000000,0.000000,1629480553.984447
61.000000,-46699.164063,-43670.769531,-43072.167969,-52959.753906,-44733.503906,-53040.843750,-44159.667969,-51240.457031,-0.060000,-0.954000,0.222000,192.000000,0.000000,0.000000,0.000000,0.000000,0.000000,0.000000,0.000000,0.000000,0.000000,1629480553.988460
62.000000,-46728.957031,-43700.789063,-43095.324219,-52962.882813,-44732.074219,-53021.554688,-44152.941406,-51252.035156,-0.060000,-0.954000,0.222000,192.000000,0.000000,0.000000,0.000000,0.000000,0.000000,0.000000,0.000000,0.000000,0.000000,1629480553.992455
63.000000,-46779.160156,-43750.789063,-43135.312500,-52975.109375,-44750.468750,-52986.351563,-44161.031250,-51267.523438,-0.060000,-0.954000,0.222000,192.000000,0.000000,0.000000,0.000000,0.000000,0.000000,0.000000,0.000000,0.000000,0.000000,1629480553.996480
64.000000,-46779.226563,-43751.191406,-43135.332031,-52979.488281,-44760.730469,-52983.667969,-44172.789063,-51265.847656,-0.060000,-0.954000,0.222000,192.000000,0.000000,0.000000,0.000000,0.000000,0.000000,0.000000,0.000000,0.000000,0.000000,1629480554.000489
65.000000,-46730.410156,-43702.843750,-43097.449219,-52969.988281,-44750.738281,-53018.714844,-44173.996094,-51250.582031,-0.060000,-0.954000,0.222000,192.000000,0.000000,0.000000,0.000000,0.000000,0.000000,0.000000,0.000000,0.000000,0.000000,1629480554.004540
66.000000,-46697.621094,-43670.324219,-43071.230469,-52958.230469,-44733.214844,-53043.863281,-44160.140625,-51243.070313,-0.068000,-0.948000,0.214000,192.000000,253.000000,224.000000,226.000000,96.000000,6.000000,176.000000,0.000000,0.000000,0.000000,1629480554.009546
67.000000,-46729.582031,-43700.988281,-43096.152344,-52963.507813,-44734.980469,-53026.671875,-44156.472656,-51256.035156,-0.068000,-0.948000,0.214000,192.000000,0.000000,0.000000,0.000000,0.000000,0.000000,0.000000,0.000000,0.000000,0.000000,1629480554.012536
68.000000,-46781.910156,-43751.882813,-43138.531250,-52977.656250,-44753.019531,-52991.269531,-44164.722656,-51272.976563,-0.068000,-0.948000,0.214000,192.000000,0.000000,0.000000,0.000000,0.000000,0.000000,0.000000,0.000000,0.000000,0.000000,1629480554.016542
69.000000,-46784.144531,-43753.605469,-43140.250000,-52982.417969,-44766.207031,-52988.585938,-44175.984375,-51272.195313,-0.068000,-0.948000,0.214000,192.000000,0.000000,0.000000,0.000000,0.000000,0.000000,0.000000,0.000000,0.000000,0.000000,1629480554.020538
70.000000,-46731.976563,-43702.800781,-43098.632813,-52970.437500,-44755.054688,-53020.949219,-44174.085938,-51252.257813,-0.068000,-0.948000,0.214000,192.000000,0.000000,0.000000,0.000000,0.000000,0.000000,0.000000,0.000000,0.000000,0.000000,1629480554.024556
71.000000,-46698.871094,-43670.433594,-43072.593750,-52959.753906,-44737.394531,-53047.058594,-44163.515625,-51241.929688,-0.068000,-0.948000,0.214000,192.000000,0.000000,0.000000,0.000000,0.000000,0.000000,0.000000,0.000000,0.000000,0.000000,1629480554.028550
72.000000,-46729.492188,-43700.968750,-43098.207031,-52964.601563,-44736.949219,-53029.800781,-44158.351563,-51254.960938,-0.068000,-0.948000,0.214000,192.000000,0.000000,0.000000,0.000000,0.000000,0.000000,0.000000,0.000000,0.000000,0.000000,1629480554.032560
73.000000,-46780.300781,-43752.285156,-43138.375000,-52976.761719,-44754.203125,-52990.621094,-44163.113281,-51270.406250,-0.068000,-0.948000,0.214000,192.000000,0.000000,0.000000,0.000000,0.000000,0.000000,0.000000,0.000000,0.000000,0.000000,1629480554.036548
74.000000,-46783.093750,-43756.535156,-43141.636719,-52984.292969,-44768.039063,-52988.140625,-44175.226563,-51270.472656,-0.068000,-0.948000,0.214000,192.000000,0.000000,0.000000,0.000000,0.000000,0.000000,0.000000,0.000000,0.000000,0.000000,1629480554.039539
75.000000,-46731.839844,-43706.421875,-43101.539063,-52973.410156,-44755.500000,-53021.488281,-44172.902344,-51252.054688,-0.068000,-0.948000,0.214000,192.000000,0.000000,0.000000,0.000000,0.000000,0.000000,0.000000,0.000000,0.000000,0.000000,1629480554.044539
76.000000,-46695.945313,-43671.394531,-43072.281250,-52959.796875,-44734.980469,-53044.308594,-44158.261719,-51239.046875,-0.068000,-0.948000,0.212000,192.000000,253.000000,224.000000,226.000000,96.000000,6.000000,160.000000,0.000000,0.000000,0.000000,1629480554.048533
77.000000,-46724.195313,-43698.730469,-43094.093750,-52962.546875,-44733.664063,-53027.300781,-44152.382813,-51248.949219,-0.068000,-0.948000,0.212000,192.000000,0.000000,0.000000,0.000000,0.000000,0.000000,0.000000,0.000000,0.000000,0.000000,1629480554.052546
78.000000,-46777.214844,-43752.109375,-43136.316406,-52977.230469,-44753.710938,-52991.738281,-44161.750000,-51266.496094,-0.068000,-0.948000,0.212000,192.000000,0.000000,0.000000,0.000000,0.000000,0.000000,0.000000,0.000000,0.000000,0.000000,1629480554.056545
79.000000,-46780.457031,-43754.609375,-43139.335938,-52980.898438,-44764.417969,-52984.652344,-44170.488281,-51262.515625,-0.068000,-0.948000,0.212000,192.000000,0.000000,0.000000,0.000000,0.000000,0.000000,0.000000,0.000000,0.000000,0.000000,1629480554.060573
80.000000,-46729.761719,-43703.894531,-43099.726563,-52969.273438,-44753.285156,-53016.234375,-44168.140625,-51241.953125,-0.068000,-0.948000,0.212000,192.000000,0.000000,0.000000,0.000000,0.000000,0.000000,0.000000,0.000000,0.000000,0.000000,1629480554.064546
81.000000,-46694.066406,-43669.226563,-43070.269531,-52956.332031,-44732.656250,-53040.242188,-44156.003906,-51230.957031,-0.068000,-0.948000,0.212000,192.000000,0.000000,0.000000,0.000000,0.000000,0.000000,0.000000,0.000000,0.000000,0.000000,1629480554.067564
82.000000,-46722.519531,-43697.167969,-43091.546875,-52959.640625,-44732.230469,-53024.011719,-44150.593750,-51240.902344,-0.068000,-0.948000,0.212000,192.000000,0.000000,0.000000,0.000000,0.000000,0.000000,0.000000,0.000000,0.000000,0.000000,1629480554.071570
83.000000,-46775.539063,-43749.828125,-43134.417969,-52974.480469,-44749.687500,-52988.742188,-44157.566406,-51258.226563,-0.068000,-0.948000,0.212000,192.000000,0.000000,0.000000,0.000000,0.000000,0.000000,0.000000,0.000000,0.000000,0.000000,1629480554.076559
84.000000,-46779.671875,-43753.472656,-43138.574219,-52979.132813,-44760.683594,-52981.457031,-44167.515625,-51258.808594,-0.068000,-0.948000,0.212000,192.000000,0.000000,0.000000,0.000000,0.000000,0.000000,0.000000,0.000000,0.000000,0.000000,1629480554.080566
85.000000,-46730.902344,-43705.503906,-43100.621094,-52968.468750,-44751.675781,-53014.738281,-44167.156250,-51243.429688,-0.066000,-0.954000,0.218000,192.000000,253.000000,240.000000,226.000000,48.000000,6.000000,208.000000,0.000000,0.000000,0.000000,1629480554.084564
86.000000,-46695.406250,-43670.187500,-43072.996094,-52956.578125,-44733.906250,-53042.074219,-44156.359375,-51235.539063,-0.066000,-0.954000,0.218000,192.000000,0.000000,0.000000,0.000000,0.000000,0.000000,0.000000,0.000000,0.000000,0.000000,1629480554.087603
87.000000,-46721.449219,-43695.625000,-43092.687500,-52959.015625,-44730.687500,-53024.328125,-44149.855469,-51245.640625,-0.066000,-0.954000,0.218000,192.000000,0.000000,0.000000,0.000000,0.000000,0.000000,0.000000,0.000000,0.000000,0.000000,1629480554.091602
88.000000,-46773.394531,-43747.726563,-43134.371094,-52972.851563,-44748.324219,-52988.339844,-44159.246094,-51264.214844,-0.066000,-0.954000,0.218000,192.000000,0.000000,0.000000,0.000000,0.000000,0.000000,0.000000,0.000000,0.000000,0.000000,1629480554.095609
89.000000,-46778.800781,-43752.578125,-43139.558594,-52978.238281,-44760.683594,-52981.500000,-44169.816406,-51265.332031,-0.066000,-0.954000,0.218000,192.000000,0.000000,0.000000,0.000000,0.000000,0.000000,0.000000,0.000000,0.000000,0.000000,1629480554.100592
90.000000,-46729.089844,-43704.007813,-43101.671875,-52968.468750,-44750.894531,-53012.613281,-44171.472656,-51252.035156,-0.066000,-0.954000,0.218000,192.000000,0.000000,0.000000,0.000000,0.000000,0.000000,0.000000,0.000000,0.000000,0.000000,1629480554.104621
91.000000,-46693.550781,-43669.472656,-43073.152344,-52959.593750,-44733.460938,-53042.609375,-44163.335938,-51246.871094,-0.066000,-0.954000,0.218000,192.000000,0.000000,0.000000,0.000000,0.000000,0.000000,0.000000,0.000000,0.000000,0.000000,1629480554.108622
92.000000,-46720.597656,-43696.117188,-43094.296875,-52963.550781,-44734.847656,-53031.390625,-44157.523438,-51260.574219,-0.066000,-0.954000,0.218000,192.000000,0.000000,0.000000,0.000000,0.000000,0.000000,0.000000,0.000000,0.000000,0.000000,1629480554.112617
93.000000,-46772.722656,-43746.363281,-43135.804688,-52975.464844,-44751.343750,-52993.347656,-44164.453125,-51275.750000,-0.066000,-0.954000,0.218000,192.000000,0.000000,0.000000,0.000000,0.000000,0.000000,0.000000,0.000000,0.000000,0.000000,1629480554.115628
94.000000,-46780.500000,-43753.628906,-43141.882813,-52981.097656,-44764.375000,-52985.636719,-44176.589844,-51275.527344,-0.066000,-0.954000,0.218000,192.000000,0.000000,0.000000,0.000000,0.000000,0.000000,0.000000,0.000000,0.000000,0.000000,1629480554.119622
95.000000,-46735.238281,-43708.992188,-43107.238281,-52973.832031,-44758.898438,-53020.503906,-44178.757813,-51262.136719,-0.060000,-0.948000,0.218000,192.000000,254.000000,32.000000,226.000000,96.000000,6.000000,208.000000,0.000000,0.000000,0.000000,1629480554.123700
96.000000,-46694.738281,-43670.726563,-43075.742188,-52959.773438,-44738.000000,-53045.292969,-44165.191406,-51249.238281,-0.060000,-0.948000,0.218000,192.000000,0.000000,0.000000,0.000000,0.000000,0.000000,0.000000,0.000000,0.000000,0.000000,1629480554.127661
97.000000,-46718.699219,-43694.285156,-43093.312500,-52960.714844,-44734.445313,-53028.820313,-44156.675781,-51257.062500,-0.060000,-0.948000,0.218000,192.000000,0.000000,0.000000,0.000000,0.000000,0.000000,0.000000,0.000000,0.000000,0.000000,1629480554.132651
98.000000,-46773.707031,-43748.218750,-43135.601563,-52973.746094,-44750.582031,-52990.417969,-44163.445313,-51273.828125,-0.060000,-0.948000,0.218000,192.000000,0.000000,0.000000,0.000000,0.000000,0.000000,0.000000,0.000000,0.000000,0.000000,1629480554.136642
99.000000,-46781.351563,-43756.578125,-43142.644531,-52979.867188,-44763.636719,-52981.722656,-44174.085938,-51272.464844,-0.060000,-0.948000,0.218000,192.000000,0.000000,0.000000,0.000000,0.000000,0.000000,0.000000,0.000000,0.000000,0.000000,1629480554.140657
100.000000,-46734.925781,-43710.265625,-43104.890625,-52969.722656,-44755.523438,-53013.171875,-44173.371094,-51254.359375,-0.060000,-0.948000,0.218000,192.000000,0.000000,0.000000,0.000000,0.000000,0.000000,0.000000,0.000000,0.000000,0.000000,1629480554.143677
101.000000,-46697.015625,-43671.550781,-43072.769531,-52956.757813,-44737.664063,-53042.050781,-44161.992188,-51241.886719,-0.060000,-0.948000,0.218000,192.000000,0.000000,0.000000,0.000000,0.000000,0.000000,0.000000,0.000000,0.000000,0.000000,1629480554.147670
102.000000,-46719.390625,-43693.992188,-43090.226563,-52958.007813,-44734.355469,-53028.507813,-44154.261719,-51251.410156,-0.060000,-0.948000,0.218000,192.000000,0.000000,0.000000,0.000000,0.000000,0.000000,0.000000,0.000000,0.000000,0.000000,1629480554.151684
103.000000,-46770.488281,-43745.378906,-43130.417969,-52970.300781,-44749.351563,-52988.519531,-44158.148438,-51266.429688,-0.060000,-0.948000,0.218000,192.000000,0.000000,0.000000,0.000000,0.000000,0.000000,0.000000,0.000000,0.000000,0.000000,1629480554.155685
104.000000,-46779.449219,-43754.074219,-43136.050781,-52974.550781,-44758.605469,-52976.449219,-44166.417969,-51265.468750,-0.060000,-0.948000,0.218000,192.000000,0.000000,0.000000,0.000000,0.000000,0.000000,0.000000,0.000000,0.000000,0.000000,1629480554.160708
105.000000,-46733.605469,-43709.191406,-43099.617188,-52966.101563,-44749.910156,-53007.027344,-44168.027344,-51248.191406,-0.062000,-0.950000,0.220000,192.000000,254.000000,16.000000,226.000000,80.000000,6.000000,224.000000,0.000000,0.000000,0.000000,1629480554.164695
106.000000,-46694.269531,-43670.253906,-43068.144531,-52952.777344,-44730.734375,-53034.296875,-44156.785156,-51234.800781,-0.062000,-0.950000,0.220000,192.000000,0.000000,0.000000,0.000000,0.000000,0.000000,0.000000,0.000000,0.000000,0.000000,1629480554.168719
107.000000,-46718.183594,-43693.679688,-43085.824219,-52955.929688,-44728.386719,-53021.578125,-44150.527344,-51244.656250,-0.062000,-0.950000,0.220000,192.000000,0.000000,0.000000,0.000000,0.000000,0.000000,0.000000,0.000000,0.000000,0.000000,1629480554.171698
108.000000,-46772.722656,-43747.546875,-43128.718750,-52971.597656,-44744.925781,-52987.601563,-44155.847656,-51263.300781,-0.062000,-0.950000,0.220000,192.000000,0.000000,0.000000,0.000000,0.000000,0.000000,0.000000,0.000000,0.000000,0.000000,1629480554.175728
109.000000,-46783.539063,-43758.769531,-43138.507813,-52979.535156,-44759.343750,-52978.640625,-44165.816406,-51263.679688,-0.062000,-0.950000,0.220000,192.000000,0.000000,0.000000,0.000000,0.000000,0.000000,0.000000,0.000000,0.000000,0.000000,1629480554.179790
110.000000,-46737.292969,-43713.371094,-43102.277344,-52971.218750,-44751.675781,-53007.562500,-44167.089844,-51247.609375,-0.062000,-0.950000,0.220000,192.000000,0.000000,0.000000,0.000000,0.000000,0.000000,0.000000,0.000000,0.000000,0.000000,1629480554.183736
111.000000,-46699.164063,-43674.011719,-43070.492188,-52958.812500,-44733.148438,-53037.781250,-44156.250000,-51234.687500,-0.062000,-0.950000,0.220000,192.000000,0.000000,0.000000,0.000000,0.000000,0.000000,0.000000,0.000000,0.000000,0.000000,1629480554.187748
112.000000,-46719.523438,-43694.058594,-43085.601563,-52959.035156,-44727.648438,-53024.839844,-44148.000000,-51242.691406,-0.062000,-0.950000,0.220000,192.000000,0.000000,0.000000,0.000000,0.000000,0.000000,0.000000,0.000000,0.000000,0.000000,1629480554.192726
113.000000,-46771.269531,-43747.167969,-43127.933594,-52972.894531,-44744.191406,-52987.625000,-44154.328125,-51259.367188,-0.062000,-0.950000,0.220000,192.000000,0.000000,0.000000,0.000000,0.000000,0.000000,0.000000,0.000000,0.000000,0.000000,1629480554.195758
114.000000,-46784.011719,-43760.601563,-43139.312500,-52982.214844,-44759.367188,-52977.097656,-44168.117188,-51261.980469,-0.062000,-0.950000,0.220000,192.000000,0.000000,0.000000,0.000000,0.000000,0.000000,0.000000,0.000000,0.000000,0.000000,1629480554.199748
115.000000,-46739.238281,-43715.988281,-43105.003906,-52974.550781,-44754.003906,-53008.792969,-44171.246094,-51247.675781,-0.066000,-0.954000,0.210000,192.000000,253.000000,240.000000,226.000000,48.000000,6.000000,144.000000,0.000000,0.000000,0.000000,1629480554.203750
116.000000,-46696.078125,-43673.609375,-43071.406250,-52960.871094,-44735.472656,-53039.613281,-44160.207031,-51238.042969,-0.066000,-0.954000,0.210000,192.000000,0.000000,0.000000,0.000000,0.000000,0.000000,0.000000,0.000000,0.000000,0.000000,1629480554.207750
117.000000,-46715.972656,-43693.054688,-43086.515625,-52962.054688,-44732.457031,-53030.183594,-44152.160156,-51250.468750,-0.066000,-0.954000,0.210000,192.000000,0.000000,0.000000,0.000000,0.000000,0.000000,0.000000,0.000000,0.000000,0.000000,1629480554.211747
118.000000,-46768.921875,-43744.957031,-43129.566406,-52975.332031,-44748.437500,-52993.125000,-44159.625000,-51269.984375,-0.066000,-0.954000,0.210000,192.000000,0.000000,0.000000,0.000000,0.000000,0.000000,0.000000,0.000000,0.000000,0.000000,1629480554.215782
119.000000,-46781.238281,-43757.808594,-43140.675781,-52982.773438,-44761.871094,-52982.664063,-44171.472656,-51273.203125,-0.066000,-0.954000,0.210000,192.000000,0.000000,0.000000,0.000000,0.000000,0.000000,0.000000,0.000000,0.000000,0.000000,1629480554.220793
120.000000,-46734.968750,-43711.898438,-43104.800781,-52973.832031,-44753.890625,-53011.027344,-44170.824219,-51258.316406,-0.066000,-0.954000,0.210000,192.000000,0.000000,0.000000,0.000000,0.000000,0.000000,0.000000,0.000000,0.000000,0.000000,1629480554.223789
121.000000,-46690.691406,-43667.171875,-43070.445313,-52959.394531,-44733.617188,-53039.527344,-44158.417969,-51246.335938,-0.066000,-0.954000,0.210000,192.000000,0.000000,0.000000,0.000000,0.000000,0.000000,0.000000,0.000000,0.000000,0.000000,1629480554.227775
122.000000,-46710.003906,-43687.265625,-43086.316406,-52962.679688,-44730.644531,-53030.785156,-44151.710938,-51257.218750,-0.066000,-0.954000,0.210000,192.000000,0.000000,0.000000,0.000000,0.000000,0.000000,0.000000,0.000000,0.000000,0.000000,1629480554.231782
123.000000,-46764.898438,-43741.804688,-43129.746094,-52974.550781,-44746.269531,-52994.687500,-44156.652344,-51273.761719,-0.066000,-0.954000,0.210000,192.000000,0.000000,0.000000,0.000000,0.000000,0.000000,0.000000,0.000000,0.000000,0.000000,1629480554.235800
124.000000,-46781.058594,-43758.031250,-43143.871094,-52982.105469,-44761.402344,-52983.871094,-44169.527344,-51275.750000,-0.066000,-0.954000,0.210000,192.000000,0.000000,0.000000,0.000000,0.000000,0.000000,0.000000,0.000000,0.000000,0.000000,1629480554.239814
125.000000,-46736.734375,-43714.378906,-43109.539063,-52973.699219,-44754.292969,-53011.027344,-44170.777344,-51258.875000,-0.070000,-0.954000,0.210000,192.000000,253.000000,208.000000,226.000000,48.000000,6.000000,144.000000,0.000000,0.000000,0.000000,1629480554.243811
126.000000,-46695.609375,-43673.453125,-43077.195313,-52961.183594,-44737.863281,-53042.453125,-44162.128906,-51248.390625,-0.070000,-0.954000,0.210000,192.000000,0.000000,0.000000,0.000000,0.000000,0.000000,0.000000,0.000000,0.000000,0.000000,1629480554.248819
127.000000,-46712.597656,-43690.058594,-43090.292969,-52960.132813,-44732.457031,-53031.410156,-44151.890625,-51254.312500,-0.070000,-0.954000,0.210000,192.000000,0.000000,0.000000,0.000000,0.000000,0.000000,0.000000,0.000000,0.000000,0.000000,1629480554.251801
128.000000,-46765.144531,-43741.667969,-43131.332031,-52972.539063,-44745.867188,-52992.765625,-44155.734375,-51270.453125,-0.070000,-0.954000,0.210000,192.000000,0.000000,0.000000,0.000000,0.000000,0.000000,0.000000,0.000000,0.000000,0.000000,1629480554.255819
129.000000,-46779.875000,-43755.773438,-43143.089844,-52978.660156,-44760.507813,-52979.601563,-44168.656250,-51273.605469,-0.070000,-0.954000,0.210000,192.000000,0.000000,0.000000,0.000000,0.000000,0.000000,0.000000,0.000000,0.000000,0.000000,1629480554.259827
130.000000,-46737.695313,-43713.683594,-43109.675781,-52970.054688,-44755.296875,-53010.199219,-44171.449219,-51257.957031,-0.070000,-0.954000,0.210000,192.000000,0.000000,0.000000,0.000000,0.000000,0.000000,0.000000,0.000000,0.000000,0.000000,1629480554.263821
131.000000,-46694.335938,-43671.730469,-43074.695313,-52956.667969,-44736.097656,-53040.933594,-44159.042969,-51242.242188,-0.070000,-0.954000,0.210000,192.000000,0.000000,0.000000,0.000000,0.000000,0.000000,0.000000,0.000000,0.000000,0.000000,1629480554.267830
132.000000,-46713.578125,-43691.558594,-43088.261719,-52959.753906,-44731.492188,-53034.296875,-44151.421875,-51248.390625,-0.070000,-0.954000,0.210000,192.000000,0.000000,0.000000,0.000000,0.000000,0.000000,0.000000,0.000000,0.000000,0.000000,1629480554.271851
133.000000,-46765.078125,-43742.117188,-43126.347656,-52970.882813,-44742.691406,-52995.246094,-44152.515625,-51262.406250,-0.070000,-0.954000,0.210000,192.000000,0.000000,0.000000,0.000000,0.000000,0.000000,0.000000,0.000000,0.000000,0.000000,1629480554.275856
134.000000,-46778.085938,-43755.011719,-43135.648438,-52975.843750,-44754.023438,-52978.191406,-44160.542969,-51261.824219,-0.070000,-0.954000,0.210000,192.000000,0.000000,0.000000,0.000000,0.000000,0.000000,0.000000,0.000000,0.000000,0.000000,1629480554.278864
135.000000,-46736.468750,-43714.265625,-43103.148438,-52970.167969,-44748.996094,-53006.199219,-44162.394531,-51248.679688,-0.064000,-0.956000,0.210000,192.000000,254.000000,0.000000,226.000000,32.000000,6.000000,144.000000,0.000000,0.000000,0.000000,1629480554.283859
136.000000,-46691.496094,-43670.121094,-43068.011719,-52956.957031,-44730.332031,-53037.042969,-44153.054688,-51236.433594,-0.064000,-0.956000,0.210000,192.000000,0.000000,0.000000,0.000000,0.000000,0.000000,0.000000,0.000000,0.000000,0.000000,1629480554.287884
137.000000,-46706.179688,-43685.410156,-43078.761719,-52954.992188,-44720.632813,-53026.023438,-44142.726563,-51242.511719,-0.064000,-0.956000,0.210000,192.000000,0.000000,0.000000,0.000000,0.000000,0.000000,0.000000,0.000000,0.000000,0.000000,1629480554.291879
138.000000,-46760.832031,-43739.121094,-43121.832031,-52968.066406,-44735.316406,-52988.472656,-44147.398438,-51258.226563,-0.064000,-0.956000,0.210000,192.000000,0.000000,0.000000,0.000000,0.000000,0.000000,0.000000,0.000000,0.000000,0.000000,1629480554.295881
139.000000,-46779.785156,-43757.917969,-43137.613281,-52977.253906,-44752.570313,-52974.953125,-44158.910156,-51261.847656,-0.064000,-0.956000,0.210000,192.000000,0.000000,0.000000,0.000000,0.000000,0.000000,0.000000,0.000000,0.000000,0.000000,1629480554.299876
140.000000,-46737.093750,-43715.046875,-43103.972656,-52968.312500,-44745.218750,-53000.699219,-44159.894531,-51246.000000,-0.064000,-0.956000,0.210000,192.000000,0.000000,0.000000,0.000000,0.000000,0.000000,0.000000,0.000000,0.000000,0.000000,1629480554.303885
141.000000,-46692.367188,-43670.656250,-43067.183594,-52955.773438,-44726.421875,-53030.675781,-44147.933594,-51230.800781,-0.064000,-0.956000,0.210000,192.000000,0.000000,0.000000,0.000000,0.000000,0.000000,0.000000,0.000000,0.000000,0.000000,1629480554.306894
142.000000,-46707.500000,-43686.101563,-43078.558594,-52957.003906,-44721.054688,-53024.460938,-44139.351563,-51238.644531,-0.064000,-0.956000,0.210000,192.000000,0.000000,0.000000,0.000000,0.000000,0.000000,0.000000,0.000000,0.000000,0.000000,1629480554.311918
143.000000,-46761.500000,-43739.234375,-43123.085938,-52970.906250,-44735.027344,-52987.960938,-44147.914063,-51258.718750,-0.064000,-0.956000,0.210000,192.000000,0.000000,0.000000,0.000000,0.000000,0.000000,0.000000,0.000000,0.000000,0.000000,1629480554.315916
144.000000,-46778.019531,-43756.152344,-43138.105469,-52976.960938,-44749.957031,-52970.593750,-44158.195313,-51262.250000,-0.062000,-0.958000,0.212000,192.000000,254.000000,16.000000,226.000000,16.000000,6.000000,160.000000,0.000000,0.000000,0.000000,1629480554.319904
145.000000,-46737.898438,-43717.148438,-43107.214844,-52969.386719,-44746.535156,-52996.007813,-44160.718750,-51245.550781,-0.062000,-0.958000,0.212000,192.000000,0.000000,0.000000,0.000000,0.000000,0.000000,0.000000,0.000000,0.000000,0.000000,1629480554.323906
146.000000,-46692.949219,-43672.847656,-43072.144531,-52955.996094,-44729.726563,-53029.421875,-44151.957031,-51234.710938,-0.062000,-0.958000,0.212000,192.000000,0.000000,0.000000,0.000000,0.000000,0.000000,0.000000,0.000000,0.000000,0.000000,1629480554.327926
147.000000,-46707.007813,-43685.609375,-43082.449219,-52955.617188,-44725.636719,-53025.644531,-44144.359375,-51244.859375,-0.062000,-0.958000,0.212000,192.000000,0.000000,0.000000,0.000000,0.000000,0.000000,0.000000,0.000000,0.000000,0.000000,1629480554.330939
148.000000,-46759.757813,-43738.496094,-43124.984375,-52969.183594,-44740.679688,-52990.039063,-44149.812500,-51264.394531,-0.062000,-0.958000,0.212000,192.000000,0.000000,0.000000,0.000000,0.000000,0.000000,0.000000,0.000000,0.000000,0.000000,1629480554.334926
149.000000,-46778.847656,-43758.031250,-43141.792969,-52977.992188,-44757.175781,-52975.062500,-44163.445313,-51270.585938,-0.062000,-0.958000,0.212000,192.000000,0.000000,0.000000,0.000000,0.000000,0.000000,0.000000,0.000000,0.000000,0.000000,1629480554.338940
150.000000,-46737.695313,-43717.351563,-43110.277344,-52971.218750,-44754.492188,-53000.878906,-44167.648438,-51257.824219,-0.062000,-0.958000,0.212000,192.000000,0.000000,0.000000,0.000000,0.000000,0.000000,0.000000,0.000000,0.000000,0.000000,1629480554.343936
151.000000,-46693.550781,-43673.652344,-43075.968750,-52959.617188,-44737.773438,-53036.238281,-44158.574219,-51246.984375,-0.062000,-0.958000,0.212000,192.000000,0.000000,0.000000,0.000000,0.000000,0.000000,0.000000,0.000000,0.000000,0.000000,1629480554.347968
152.000000,-46705.464844,-43686.011719,-43085.066406,-52959.820313,-44731.671875,-53030.941406,-44149.566406,-51251.519531,-0.062000,-0.958000,0.212000,192.000000,0.000000,0.000000,0.000000,0.000000,0.000000,0.000000,0.000000,0.000000,0.000000,1629480554.351965
153.000000,-46759.246094,-43739.500000,-43127.777344,-52972.941406,-44749.464844,-52995.246094,-44156.292969,-51270.562500,-0.062000,-0.958000,0.212000,192.000000,0.000000,0.000000,0.000000,0.000000,0.000000,0.000000,0.000000,0.000000,0.000000,1629480554.355962
154.000000,-46781.238281,-43760.535156,-43146.308594,-52982.953125,-44768.800781,-52981.589844,-44169.304688,-51278.855469,-0.064000,-0.952000,0.208000,192.000000,254.000000,0.000000,226.000000,64.000000,6.000000,128.000000,0.000000,0.000000,0.000000,1629480554.359955
155.000000,-46741.718750,-43720.703125,-43116.378906,-52976.738281,-44766.160156,-53008.277344,-44174.019531,-51264.437500,-0.064000,-0.952000,0.208000,192.000000,0.000000,0.000000,0.000000,0.000000,0.000000,0.000000,0.000000,0.000000,0.000000,1629480554.362955
156.000000,-46692.769531,-43672.199219,-43077.085938,-52959.574219,-44745.375000,-53039.210938,-44164.074219,-51248.210938,-0.064000,-0.952000,0.208000,192.000000,0.000000,0.000000,0.000000,0.000000,0.000000,0.000000,0.000000,0.000000,0.000000,1629480554.366993
157.000000,-46703.855469,-43682.996094,-43085.398438,-52958.210938,-44738.847656,-53034.718750,-44155.914063,-51254.984375,-0.064000,-0.952000,0.208000,192.000000,0.000000,0.000000,0.000000,0.000000,0.000000,0.000000,0.000000,0.000000,0.000000,1629480554.371984
158.000000,-46759.421875,-43737.421875,-43127.800781,-52972.468750,-44753.757813,-53000.566406,-44159.781250,-51272.417969,-0.064000,-0.952000,0.208000,192.000000,0.000000,0.000000,0.000000,0.000000,0.000000,0.000000,0.000000,0.000000,0.000000,1629480554.375996
159.000000,-46781.328125,-43759.351563,-43144.878906,-52980.808594,-44769.535156,-52983.398438,-44171.136719,-51275.773438,-0.064000,-0.952000,0.208000,192.000000,0.000000,0.000000,0.000000,0.000000,0.000000,0.000000,0.000000,0.000000,0.000000,1629480554.379987
160.000000,-46740.179688,-43719.296875,-43110.968750,-52971.664063,-44762.363281,-53005.417969,-44171.000000,-51257.531250,-0.064000,-0.952000,0.208000,192.000000,0.000000,0.000000,0.000000,0.000000,0.000000,0.000000,0.000000,0.000000,0.000000,1629480554.382986
161.000000,-46692.210938,-43673.226563,-43072.859375,-52958.769531,-44742.648438,-53037.089844,-44159.468750,-51242.019531,-0.064000,-0.952000,0.208000,192.000000,0.000000,0.000000,0.000000,0.000000,0.000000,0.000000,0.000000,0.000000,0.000000,1629480554.387004
162.000000,-46701.980469,-43683.441406,-43079.656250,-52958.230469,-44734.398438,-53033.667969,-44149.363281,-51248.859375,-0.064000,-0.952000,0.208000,192.000000,0.000000,0.000000,0.000000,0.000000,0.000000,0.000000,0.000000,0.000000,0.000000,1629480554.391022
163.000000,-46755.175781,-43736.035156,-43119.328125,-52968.515625,-44746.222656,-52995.804688,-44151.757813,-51265.714844,-0.064000,-0.952000,0.208000,192.000000,0.000000,0.000000,0.000000,0.000000,0.000000,0.000000,0.000000,0.000000,0.000000,1629480554.395025
164.000000,-46778.535156,-43758.277344,-43136.250000,-52976.226563,-44760.484375,-52976.160156,-44161.703125,-51268.238281,-0.066000,-0.954000,0.220000,192.000000,253.000000,240.000000,226.000000,48.000000,6.000000,224.000000,0.000000,0.000000,0.000000,1629480554.399010
165.000000,-46742.839844,-43723.117188,-43108.511719,-52971.039063,-44759.792969,-52999.804688,-44166.843750,-51253.464844,-0.066000,-0.954000,0.220000,192.000000,0.000000,0.000000,0.000000,0.000000,0.000000,0.000000,0.000000,0.000000,0.000000,1629480554.404012
166.000000,-46694.378906,-43674.546875,-43069.640625,-52957.875000,-44741.796875,-53031.054688,-44154.773438,-51238.781250,-0.066000,-0.954000,0.220000,192.000000,0.000000,0.000000,0.000000,0.000000,0.000000,0.000000,0.000000,0.000000,0.000000,1629480554.408046
167.000000,-46700.480469,-43680.492188,-43072.792969,-52954.230469,-44729.839844,-53026.179688,-44141.765625,-51240.812500,-0.066000,-0.954000,0.220000,192.000000,0.000000,0.000000,0.000000,0.000000,0.000000,0.000000,0.000000,0.000000,0.000000,1629480554.411041
168.000000,-46753.343750,-43733.042969,-43114.167969,-52965.496094,-44742.269531,-52988.140625,-44141.921875,-51255.878906,-0.066000,-0.954000,0.220000,192.000000,0.000000,0.000000,0.000000,0.000000,0.000000,0.000000,0.000000,0.000000,0.000000,1629480554.415039
169.000000,-46777.929688,-43757.917969,-43135.558594,-52975.890625,-44760.417969,-52970.414063,-44154.574219,-51262.250000,-0.066000,-0.954000,0.220000,192.000000,0.000000,0.000000,0.000000,0.000000,0.000000,0.000000,0.000000,0.000000,0.000000,1629480554.419051
170.000000,-46743.261719,-43722.335938,-43108.914063,-52971.734375,-44761.468750,-52995.468750,-44162.910156,-51250.445313,-0.066000,-0.954000,0.220000,192.000000,0.000000,0.000000,0.000000,0.000000,0.000000,0.000000,0.000000,0.000000,0.000000,1629480554.423036
171.000000,-46692.835938,-43673.339844,-43069.394531,-52957.917969,-44741.597656,-53028.460938,-44151.644531,-51235.203125,-0.066000,-0.954000,0.220000,192.000000,0.000000,0.000000,0.000000,0.000000,0.000000,0.000000,0.000000,0.000000,0.000000,1629480554.427038
172.000000,-46699.363281,-43682.125000,-43076.816406,-52957.695313,-44733.484375,-53028.839844,-44144.156250,-51243.695313,-0.066000,-0.954000,0.220000,192.000000,0.000000,0.000000,0.000000,0.000000,0.000000,0.000000,0.000000,0.000000,0.000000,1629480554.432059
173.000000,-46750.167969,-43733.355469,-43117.339844,-52969.964844,-44745.062500,-52993.101563,-44148.515625,-51264.527344,-0.066000,-0.954000,0.220000,192.000000,0.000000,0.000000,0.000000,0.000000,0.000000,0.000000,0.000000,0.000000,0.000000,1629480554.436076
174.000000,-46775.964844,-43758.300781,-43137.660156,-52981.097656,-44762.628906,-52973.675781,-44162.015625,-51271.792969,-0.068000,-0.954000,0.216000,192.000000,253.000000,224.000000,226.000000,48.000000,6.000000,192.000000,0.000000,0.000000,0.000000,1629480554.439067
175.000000,-46739.328125,-43721.730469,-43108.937500,-52973.566406,-44758.742188,-52995.335938,-44166.242188,-51256.839844,-0.068000,-0.954000,0.216000,192.000000,0.000000,0.000000,0.000000,0.000000,0.000000,0.000000,0.000000,0.000000,0.000000,1629480554.443087
176.000000,-46689.707031,-43673.226563,-43071.093750,-52958.925781,-44740.792969,-53027.925781,-44158.039063,-51241.261719,-0.068000,-0.954000,0.216000,192.000000,0.000000,0.000000,0.000000,0.000000,0.000000,0.000000,0.000000,0.000000,0.000000,1629480554.447095
177.000000,-46695.003906,-43679.152344,-43076.144531,-52957.269531,-44732.902344,-53028.105469,-44149.746094,-51247.140625,-0.068000,-0.954000,0.216000,192.000000,0.000000,0.000000,0.000000,0.000000,0.000000,0.000000,0.000000,0.000000,0.000000,1629480554.451083
178.000000,-46746.167969,-43729.085938,-43115.953125,-52968.515625,-44744.347656,-52994.242188,-44153.230469,-51266.027344,-0.068000,-0.954000,0.216000,192.000000,0.000000,0.000000,0.000000,0.000000,0.000000,0.000000,0.000000,0.000000,0.000000,1629480554.455096
179.000000,-46775.089844,-43756.957031,-43140.339844,-52981.925781,-44765.023438,-52976.894531,-44168.722656,-51275.437500,-0.068000,-0.954000,0.216000,192.000000,0.000000,0.000000,0.000000,0.000000,0.000000,0.000000,0.000000,0.000000,0.000000,1629480554.460096
180.000000,-46737.519531,-43721.039063,-43111.195313,-52973.988281,-44761.355469,-52997.078125,-44171.628906,-51260.550781,-0.068000,-0.954000,0.216000,192.000000,0.000000,0.000000,0.000000,0.000000,0.000000,0.000000,0.000000,0.000000,0.000000,1629480554.463116
181.000000,-46688.703125,-43672.089844,-43072.035156,-52960.378906,-44742.601563,-53031.925781,-44162.730469,-51245.441406,-0.068000,-0.954000,0.216000,192.000000,0.000000,0.000000,0.000000,0.000000,0.000000,0.000000,0.000000,0.000000,0.000000,1629480554.467116
182.000000,-46694.558594,-43679.105469,-43076.527344,-52960.019531,-44734.800781,-53033.894531,-44153.300781,-51251.140625,-0.068000,-0.954000,0.216000,192.000000,0.000000,0.000000,0.000000,0.000000,0.000000,0.000000,0.000000,0.000000,0.000000,1629480554.471123
183.000000,-46746.390625,-43731.589844,-43117.117188,-52972.046875,-44744.679688,-52999.695313,-44154.371094,-51267.902344,-0.068000,-0.954000,0.216000,192.000000,0.000000,0.000000,0.000000,0.000000,0.000000,0.000000,0.000000,0.000000,0.000000,1629480554.475123
184.000000,-46774.980469,-43760.800781,-43139.445313,-52982.574219,-44763.656250,-52978.750000,-44167.156250,-51275.480469,-0.066000,-0.958000,0.216000,192.000000,253.000000,240.000000,226.000000,16.000000,6.000000,192.000000,0.000000,0.000000,0.000000,1629480554.479122
185.000000,-46740.000000,-43726.066406,-43112.402344,-52975.398438,-44761.960938,-52997.347656,-44171.894531,-51260.550781,-0.066000,-0.958000,0.216000,192.000000,0.000000,0.000000,0.000000,0.000000,0.000000,0.000000,0.000000,0.000000,0.000000,1629480554.483144
186.000000,-46692.300781,-43677.566406,-43074.582031,-52962.078125,-44743.117188,-53032.304688,-44164.855469,-51243.519531,-0.066000,-0.958000,0.216000,192.000000,0.000000,0.000000,0.000000,0.000000,0.000000,0.000000,0.000000,0.000000,0.000000,1629480554.488147
187.000000,-46696.839844,-43682.929688,-43078.089844,-52959.371094,-44733.417969,-53032.773438,-44154.328125,-51246.804688,-0.066000,-0.958000,0.216000,192.000000,0.000000,0.000000,0.000000,0.000000,0.000000,0.000000,0.000000,0.000000,0.000000,1629480554.491154
188.000000,-46748.695313,-43734.582031,-43120.558594,-52972.605469,-44746.804688,-52998.867188,-44157.367188,-51265.644531,-0.066000,-0.958000,0.216000,192.000000,0.000000,0.000000,0.000000,0.000000,0.000000,0.000000,0.000000,0.000000,0.000000,1629480554.495134
189.000000,-46774.914063,-43761.250000,-43141.769531,-52981.835938,-44764.261719,-52977.074219,-44167.941406,-51271.480469,-0.066000,-0.958000,0.216000,192.000000,0.000000,0.000000,0.000000,0.000000,0.000000,0.000000,0.000000,0.000000,0.000000,1629480554.499164
190.000000,-46739.441406,-43725.933594,-43113.093750,-52973.566406,-44762.628906,-52995.222656,-44169.371094,-51254.785156,-0.066000,-0.958000,0.216000,192.000000,0.000000,0.000000,0.000000,0.000000,0.000000,0.000000,0.000000,0.000000,0.000000,1629480554.503168
191.000000,-46691.855469,-43678.144531,-43075.609375,-52962.410156,-44746.156250,-53032.617188,-44162.152344,-51240.500000,-0.066000,-0.958000,0.216000,192.000000,0.000000,0.000000,0.000000,0.000000,0.000000,0.000000,0.000000,0.000000,0.000000,1629480554.507171
192.000000,-46693.105469,-43679.152344,-43075.230469,-52958.746094,-44732.746094,-53031.007813,-44146.839844,-51239.425781,-0.066000,-0.958000,0.216000,192.000000,0.000000,0.000000,0.000000,0.000000,0.000000,0.000000,0.000000,0.000000,0.000000,1629480554.511171
193.000000,-46745.812500,-43731.121094,-43116.066406,-52970.437500,-44743.093750,-52995.941406,-44146.304688,-51257.039063,-0.066000,-0.954000,0.216000,192.000000,253.000000,240.000000,226.000000,48.000000,6.000000,192.000000,0.000000,0.000000,0.000000,1629480554.516170
194.000000,-46774.867188,-43760.625000,-43139.871094,-52981.277344,-44759.925781,-52973.832031,-44157.277344,-51266.449219,-0.066000,-0.954000,0.216000,192.000000,0.000000,0.000000,0.000000,0.000000,0.000000,0.000000,0.000000,0.000000,0.000000,1629480554.519192
195.000000,-46741.230469,-43727.988281,-43111.886719,-52974.792969,-44755.925781,-52993.011719,-44160.183594,-51252.457031,-0.066000,-0.954000,0.216000,192.000000,0.000000,0.000000,0.000000,0.000000,0.000000,0.000000,0.000000,0.000000,0.000000,1629480554.523183
196.000000,-46690.804688,-43678.613281,-43071.652344,-52961.964844,-44737.929688,-53029.085938,-44152.828125,-51239.628906,-0.066000,-0.954000,0.216000,192.000000,0.000000,0.000000,0.000000,0.000000,0.000000,0.000000,0.000000,0.000000,0.000000,1629480554.527197
197.000000,-46691.207031,-43679.820313,-43072.570313,-52957.875000,-44728.855469,-53030.562500,-44140.582031,-51244.613281,-0.066000,-0.954000,0.216000,192.000000,0.000000,0.000000,0.000000,0.000000,0.000000,0.000000,0.000000,0.000000,0.000000,1629480554.531186
198.000000,-46742.570313,-43730.335938,-43113.273438,-52969.765625,-44740.480469,-52997.347656,-44143.285156,-51264.035156,-0.066000,-0.954000,0.216000,192.000000,0.000000,0.000000,0.000000,0.000000,0.000000,0.000000,0.000000,0.000000,0.000000,1629480554.535216
199.000000,-46773.570313,-43760.109375,-43138.394531,-52981.546875,-44760.238281,-52976.628906,-44157.078125,-51273.804688,-0.066000,-0.954000,0.216000,192.000000,0.000000,0.000000,0.000000,0.000000,0.000000,0.000000,0.000000,0.000000,0.000000,1629480554.539231
200.000000,-46741.718750,-43728.437500,-43115.707031,-52978.484375,-44762.183594,-52995.515625,-44164.832031,-51263.656250,-0.066000,-0.954000,0.216000,192.000000,0.000000,0.000000,0.000000,0.000000,0.000000,0.000000,0.000000,0.000000,0.000000,1629480554.543229
201.000000,-46691.316406,-43677.878906,-43076.324219,-52963.820313,-44743.742188,-53029.312500,-44159.156250,-51245.707031,-0.066000,-0.954000,0.216000,192.000000,0.000000,0.000000,0.000000,0.000000,0.000000,0.000000,0.000000,0.000000,0.000000,1629480554.546231
202.000000,-46690.492188,-43676.804688,-43076.035156,-52958.925781,-44732.296875,-53031.121094,-44149.855469,-51248.210938,-0.066000,-0.954000,0.216000,192.000000,0.000000,0.000000,0.000000,0.000000,0.000000,0.000000,0.000000,0.000000,0.000000,1629480554.551217
203.000000,-46741.832031,-43727.656250,-43118.035156,-52971.375000,-44745.574219,-53000.656250,-44156.250000,-51269.156250,-0.064000,-0.952000,0.216000,192.000000,254.000000,0.000000,226.000000,64.000000,6.000000,192.000000,0.000000,0.000000,0.000000,1629480554.556248
204.000000,-46773.078125,-43758.253906,-43142.644531,-52982.105469,-44764.441406,-52978.707031,-44168.585938,-51277.359375,-0.064000,-0.952000,0.216000,192.000000,0.000000,0.000000,0.000000,0.000000,0.000000,0.000000,0.000000,0.000000,0.000000,1629480554.559240
205.000000,-46740.089844,-43727.320313,-43117.808594,-52977.343750,-44764.328125,-52996.765625,-44172.789063,-51265.937500,-0.064000,-0.952000,0.216000,192.000000,0.000000,0.000000,0.000000,0.000000,0.000000,0.000000,0.000000,0.000000,0.000000,1629480554.563252
206.000000,-46689.148438,-43678.234375,-43078.046875,-52965.718750,-44748.437500,-53032.886719,-44167.113281,-51250.625000,-0.064000,-0.952000,0.216000,192.000000,0.000000,0.000000,0.000000,0.000000,0.000000,0.000000,0.000000,0.000000,0.000000,1629480554.567250
207.000000,-46691.183594,-43680.089844,-43079.164063,-52963.417969,-44738.332031,-53038.808594,-44158.484375,-51252.750000,-0.064000,-0.952000,0.216000,192.000000,0.000000,0.000000,0.000000,0.000000,0.000000,0.000000,0.000000,0.000000,0.000000,1629480554.570278
208.000000,-46741.718750,-43729.464844,-43118.660156,-52974.792969,-44749.332031,-53005.281250,-44157.703125,-51268.214844,-0.064000,-0.952000,0.216000,192.000000,0.000000,0.000000,0.000000,0.000000,0.000000,0.000000,0.000000,0.000000,0.000000,1629480554.574283
209.000000,-46772.117188,-43761.496094,-43143.289063,-52985.500000,-44766.855469,-52979.914063,-44168.968750,-51276.375000,-0.064000,-0.952000,0.216000,192.000000,0.000000,0.000000,0.000000,0.000000,0.000000,0.000000,0.000000,0.000000,0.000000,1629480554.578271
210.000000,-46740.781250,-43731.277344,-43119.484375,-52980.562500,-44765.199219,-52997.035156,-44175.203125,-51263.097656,-0.064000,-0.952000,0.216000,192.000000,0.000000,0.000000,0.000000,0.000000,0.000000,0.000000,0.000000,0.000000,0.000000,1629480554.583267
211.000000,-46687.406250,-43677.765625,-43077.488281,-52966.523438,-44744.882813,-53031.792969,-44164.519531,-51245.261719,-0.064000,-0.952000,0.216000,192.000000,0.000000,0.000000,0.000000,0.000000,0.000000,0.000000,0.000000,0.000000,0.000000,1629480554.587288
212.000000,-46684.343750,-43674.457031,-43073.105469,-52960.199219,-44730.734375,-53035.121094,-44150.972656,-51243.988281,-0.064000,-0.952000,0.216000,192.000000,0.000000,0.000000,0.000000,0.000000,0.000000,0.000000,0.000000,0.000000,0.000000,1629480554.591295
213.000000,-46737.675781,-43727.097656,-43114.457031,-52971.843750,-44744.144531,-53003.316406,-44153.722656,-51263.277344,-0.066000,-0.956000,0.218000,192.000000,253.000000,240.000000,226.000000,32.000000,6.000000,208.000000,0.000000,0.000000,0.000000,1629480554.595292
214.000000,-46773.191406,-43761.964844,-43142.554688,-52983.781250,-44764.238281,-52979.085938,-44167.851563,-51272.484375,-0.066000,-0.956000,0.218000,192.000000,0.000000,0.000000,0.000000,0.000000,0.000000,0.000000,0.000000,0.000000,0.000000,1629480554.599303
215.000000,-46743.105469,-43732.171875,-43117.878906,-52978.011719,-44763.210938,-52993.906250,-44170.867188,-51258.335938,-0.066000,-0.956000,0.218000,192.000000,0.000000,0.000000,0.000000,0.000000,0.000000,0.000000,0.000000,0.000000,0.000000,1629480554.602305
216.000000,-46689.664063,-43680.136719,-43076.191406,-52962.726563,-44745.218750,-53029.800781,-44161.769531,-51239.449219,-0.066000,-0.956000,0.218000,192.000000,0.000000,0.000000,0.000000,0.000000,0.000000,0.000000,0.000000,0.000000,0.000000,1629480554.606330
217.000000,-46684.968750,-43675.976563,-43072.546875,-52958.054688,-44732.054688,-53034.718750,-44149.992188,-51240.476563,-0.066000,-0.956000,0.218000,192.000000,0.000000,0.000000,0.000000,0.000000,0.000000,0.000000,0.000000,0.000000,0.000000,1629480554.610340
218.000000,-46732.554688,-43722.871094,-43108.445313,-52966.187500,-44740.144531,-52999.359375,-44147.175781,-51255.542969,-0.066000,-0.956000,0.218000,192.000000,0.000000,0.000000,0.000000,0.000000,0.000000,0.000000,0.000000,0.000000,0.000000,1629480554.615318
219.000000,-46768.296875,-43757.761719,-43136.250000,-52978.953125,-44758.941406,-52974.035156,-44159.871094,-51265.871094,-0.066000,-0.956000,0.218000,192.000000,0.000000,0.000000,0.000000,0.000000,0.000000,0.000000,0.000000,0.000000,0.000000,1629480554.619322
220.000000,-46740.402344,-43731.296875,-43114.769531,-52976.515625,-44759.746094,-52990.238281,-44165.503906,-51254.312500,-0.066000,-0.956000,0.218000,192.000000,0.000000,0.000000,0.000000,0.000000,0.000000,0.000000,0.000000,0.000000,0.000000,1629480554.623343
221.000000,-46685.394531,-43677.230469,-43070.914063,-52960.781250,-44740.390625,-53024.082031,-44153.566406,-51235.136719,-0.066000,-0.956000,0.218000,192.000000,0.000000,0.000000,0.000000,0.000000,0.000000,0.000000,0.000000,0.000000,0.000000,1629480554.627352
222.000000,-46680.500000,-43672.132813,-43067.207031,-52955.414063,-44728.363281,-53031.367188,-44141.093750,-51237.101563,-0.066000,-0.956000,0.218000,192.000000,0.000000,0.000000,0.000000,0.000000,0.000000,0.000000,0.000000,0.000000,0.000000,1629480554.630356
223.000000,-46729.941406,-43720.726563,-43106.007813,-52966.636719,-44737.394531,-53000.320313,-44141.519531,-51256.593750,-0.068000,-0.956000,0.220000,192.000000,253.000000,224.000000,226.000000,32.000000,6.000000,224.000000,0.000000,0.000000,0.000000,1629480554.634364
224.000000,-46762.148438,-43753.136719,-43133.210938,-52976.292969,-44754.250000,-52973.429688,-44152.605469,-51266.070313,-0.068000,-0.956000,0.220000,192.000000,0.000000,0.000000,0.000000,0.000000,0.000000,0.000000,0.000000,0.000000,0.000000,1629480554.639373
225.000000,-46736.175781,-43726.582031,-43113.875000,-52973.789063,-44757.601563,-52990.328125,-44159.378906,-51255.320313,-0.068000,-0.956000,0.220000,192.000000,0.000000,0.000000,0.000000,0.000000,0.000000,0.000000,0.000000,0.000000,0.000000,1629480554.643373
226.000000,-46686.468750,-43676.917969,-43074.648438,-52962.054688,-44742.222656,-53028.261719,-44154.125000,-51240.410156,-0.068000,-0.956000,0.220000,192.000000,0.000000,0.000000,0.000000,0.000000,0.000000,0.000000,0.000000,0.000000,0.000000,1629480554.647371
227.000000,-46682.464844,-43673.921875,-43072.191406,-52959.460938,-44731.136719,-53034.406250,-44145.632813,-51243.429688,-0.068000,-0.956000,0.220000,192.000000,0.000000,0.000000,0.000000,0.000000,0.000000,0.000000,0.000000,0.000000,0.000000,1629480554.650372
228.000000,-46731.101563,-43721.238281,-43111.843750,-52969.765625,-44741.062500,-53002.867188,-44148.941406,-51261.488281,-0.068000,-0.956000,0.220000,192.000000,0.000000,0.000000,0.000000,0.000000,0.000000,0.000000,0.000000,0.000000,0.000000,1629480554.654371
229.000000,-46767.761719,-43758.097656,-43142.644531,-52982.796875,-44761.648438,-52977.855469,-44166.128906,-51274.183594,-0.068000,-0.956000,0.220000,192.000000,0.000000,0.000000,0.000000,0.000000,0.000000,0.000000,0.000000,0.000000,0.000000,1629480554.658381
230.000000,-46741.472656,-43732.011719,-43122.300781,-52979.218750,-44763.992188,-52991.937500,-44171.292969,-51264.328125,-0.068000,-0.956000,0.220000,192.000000,0.000000,0.000000,0.000000,0.000000,0.000000,0.000000,0.000000,0.000000,0.000000,1629480554.662413
231.000000,-46689.238281,-43680.156250,-43081.242188,-52966.187500,-44747.789063,-53029.468750,-44163.445313,-51248.613281,-0.068000,-0.956000,0.220000,192.000000,0.000000,0.000000,0.000000,0.000000,0.000000,0.000000,0.000000,0.000000,0.000000,1629480554.666406
232.000000,-46683.070313,-43673.832031,-43076.636719,-52961.785156,-44736.144531,-53038.699219,-44154.664063,-51253.261719,-0.068000,-0.956000,0.220000,192.000000,0.000000,0.000000,0.000000,0.000000,0.000000,0.000000,0.000000,0.000000,0.000000,1629480554.671412
233.000000,-46728.531250,-43718.492188,-43113.273438,-52972.378906,-44743.652344,-53005.281250,-44156.406250,-51269.582031,-0.072000,-0.954000,0.218000,192.000000,253.000000,192.000000,226.000000,48.000000,6.000000,208.000000,0.000000,0.000000,0.000000,1629480554.675404
234.000000,-46764.921875,-43755.082031,-43142.687500,-52984.519531,-44761.781250,-52978.082031,-44167.402344,-51279.570313,-0.072000,-0.954000,0.218000,192.000000,0.000000,0.000000,0.000000,0.000000,0.000000,0.000000,0.000000,0.000000,0.000000,1629480554.678395
235.000000,-46738.726563,-43730.359375,-43123.218750,-52981.703125,-44765.667969,-52993.167969,-44174.890625,-51268.574219,-0.072000,-0.954000,0.218000,192.000000,0.000000,0.000000,0.000000,0.000000,0.000000,0.000000,0.000000,0.000000,0.000000,1629480554.682420
236.000000,-46685.261719,-43677.496094,-43080.148438,-52967.261719,-44747.945313,-53027.589844,-44165.503906,-51247.718750,-0.072000,-0.954000,0.218000,192.000000,0.000000,0.000000,0.000000,0.000000,0.000000,0.000000,0.000000,0.000000,0.000000,1629480554.686422
237.000000,-46678.597656,-43670.589844,-43073.398438,-52961.808594,-44733.593750,-53034.003906,-44152.093750,-51246.714844,-0.072000,-0.954000,0.218000,192.000000,0.000000,0.000000,0.000000,0.000000,0.000000,0.000000,0.000000,0.000000,0.000000,1629480554.690439
238.000000,-46726.500000,-43718.601563,-43110.613281,-52971.242188,-44741.195313,-53002.691406,-44151.265625,-51263.320313,-0.072000,-0.954000,0.218000,192.000000,0.000000,0.000000,0.000000,0.000000,0.000000,0.000000,0.000000,0.000000,0.000000,1629480554.694434
239.000000,-46763.960938,-43757.113281,-43139.914063,-52982.328125,-44759.320313,-52973.007813,-44161.703125,-51271.433594,-0.072000,-0.954000,0.218000,192.000000,0.000000,0.000000,0.000000,0.000000,0.000000,0.000000,0.000000,0.000000,0.000000,1629480554.699431
240.000000,-46740.312500,-43735.253906,-43121.921875,-52981.722656,-44762.496094,-52988.183594,-44166.910156,-51261.175781,-0.072000,-0.954000,0.218000,192.000000,0.000000,0.000000,0.000000,0.000000,0.000000,0.000000,0.000000,0.000000,0.000000,1629480554.703454
241.000000,-46685.058594,-43681.968750,-43079.031250,-52967.285156,-44746.671875,-53023.968750,-44158.910156,-51242.312500,-0.072000,-0.954000,0.218000,192.000000,0.000000,0.000000,0.000000,0.000000,0.000000,0.000000,0.000000,0.000000,0.000000,1629480554.706455
242.000000,-46676.722656,-43674.054688,-43072.011719,-52960.937500,-44732.722656,-53033.734375,-44146.281250,-51239.742188,-0.072000,-0.954000,0.218000,192.000000,0.000000,0.000000,0.000000,0.000000,0.000000,0.000000,0.000000,0.000000,0.000000,1629480554.710454
243.000000,-46721.425781,-43718.804688,-43106.722656,-52967.285156,-44737.550781,-52998.152344,-44142.996094,-51252.371094,-0.068000,-0.952000,0.216000,192.000000,253.000000,224.000000,226.000000,64.000000,6.000000,192.000000,0.000000,0.000000,0.000000,1629480554.714450
244.000000,-46761.660156,-43758.589844,-43139.402344,-52981.300781,-44757.152344,-52970.234375,-44155.242188,-51263.343750,-0.068000,-0.952000,0.216000,192.000000,0.000000,0.000000,0.000000,0.000000,0.000000,0.000000,0.000000,0.000000,0.000000,1629480554.718464
245.000000,-46741.316406,-43737.691406,-43123.710938,-52981.925781,-44762.652344,-52985.144531,-44164.988281,-51254.359375,-0.068000,-0.952000,0.216000,192.000000,0.000000,0.000000,0.000000,0.000000,0.000000,0.000000,0.000000,0.000000,0.000000,1629480554.722461
246.000000,-46685.730469,-43682.929688,-43080.058594,-52966.726563,-44745.351563,-53020.792969,-44156.203125,-51235.761719,-0.068000,-0.952000,0.216000,192.000000,0.000000,0.000000,0.000000,0.000000,0.000000,0.000000,0.000000,0.000000,0.000000,1629480554.726553
247.000000,-46675.894531,-43672.667969,-43071.898438,-52960.421875,-44732.210938,-53031.703125,-44144.804688,-51235.738281,-0.068000,-0.952000,0.216000,192.000000,0.000000,0.000000,0.000000,0.000000,0.000000,0.000000,0.000000,0.000000,0.000000,1629480554.730546
248.000000,-46720.308594,-43716.812500,-43106.054688,-52967.796875,-44736.792969,-52998.421875,-44140.269531,-51249.886719,-0.068000,-0.952000,0.216000,192.000000,0.000000,0.000000,0.000000,0.000000,0.000000,0.000000,0.000000,0.000000,0.000000,1629480554.734547
249.000000,-46758.125000,-43754.609375,-43135.937500,-52979.535156,-44753.285156,-52968.625000,-44148.917969,-51259.789063,-0.068000,-0.952000,0.216000,192.000000,0.000000,0.000000,0.000000,0.000000,0.000000,0.000000,0.000000,0.000000,0.000000,1629480554.738538
250.000000,-46735.058594,-43732.394531,-43117.789063,-52977.945313,-44755.812500,-52980.582031,-44154.996094,-51249.238281,-0.068000,-0.952000,0.216000,192.000000,0.000000,0.000000,0.000000,0.000000,0.000000,0.000000,0.000000,0.000000,0.000000,1629480554.742549
251.000000,-46679.851563,-43678.636719,-43074.359375,-52964.089844,-44738.019531,-53015.898438,-44148.539063,-51232.164063,-0.068000,-0.952000,0.216000,192.000000,0.000000,0.000000,0.000000,0.000000,0.000000,0.000000,0.000000,0.000000,0.000000,1629480554.746542
252.000000,-46667.132813,-43667.304688,-43064.523438,-52956.621094,-44721.437500,-53026.808594,-44135.953125,-51231.312500,-0.070000,-0.956000,0.208000,192.000000,253.000000,208.000000,226.000000,32.000000,6.000000,128.000000,0.000000,0.000000,0.000000,1629480554.750551
253.000000,-46713.781250,-43713.058594,-43100.910156,-52966.523438,-44727.761719,-52997.234375,-44135.058594,-51248.792969,-0.070000,-0.956000,0.208000,192.000000,0.000000,0.000000,0.000000,0.000000,0.000000,0.000000,0.000000,0.000000,0.000000,1629480554.755545
254.000000,-46754.394531,-43752.734375,-43133.878906,-52979.535156,-44746.335938,-52968.179688,-44146.906250,-51260.796875,-0.070000,-0.956000,0.208000,192.000000,0.000000,0.000000,0.000000,0.000000,0.000000,0.000000,0.000000,0.000000,0.000000,1629480554.758542
255.000000,-46732.890625,-43732.101563,-43118.367188,-52977.523438,-44751.566406,-52978.972656,-44154.664063,-51251.476563,-0.070000,-0.956000,0.208000,192.000000,0.000000,0.000000,0.000000,0.000000,0.000000,0.000000,0.000000,0.000000,0.000000,1629480554.762540
0.000000,-46677.996094,-43677.250000,-43074.625000,-52962.882813,-44734.980469,-53015.339844,-44147.554688,-51236.296875,-0.070000,-0.956000,0.208000,192.000000,0.000000,0.000000,0.000000,0.000000,0.000000,0.000000,0.000000,0.000000,0.000000,1629480554.766538
1.000000,-46668.296875,-43667.976563,-43066.824219,-52957.851563,-44722.082031,-53027.968750,-44139.195313,-51239.515625,-0.070000,-0.956000,0.208000,192.000000,0.000000,0.000000,0.000000,0.000000,0.000000,0.000000,0.000000,0.000000,0.000000,1629480554.770542
2.000000,-46714.050781,-43714.824219,-43102.968750,-52967.507813,-44729.460938,-52999.628906,-44141.074219,-51258.562500,-0.070000,-0.956000,0.208000,192.000000,0.000000,0.000000,0.000000,0.000000,0.000000,0.000000,0.000000,0.000000,0.000000,1629480554.774543
3.000000,-46756.226563,-43756.578125,-43137.746094,-52981.187500,-44750.226563,-52970.816406,-44153.902344,-51271.816406,-0.070000,-0.956000,0.208000,192.000000,0.000000,0.000000,0.000000,0.000000,0.000000,0.000000,0.000000,0.000000,0.000000,1629480554.778550
4.000000,-46734.121094,-43735.589844,-43120.894531,-52977.253906,-44753.265625,-52979.265625,-44161.210938,-51261.242188,-0.070000,-0.956000,0.208000,192.000000,0.000000,0.000000,0.000000,0.000000,0.000000,0.000000,0.000000,0.000000,0.000000,1629480554.783567
5.000000,-46679.828125,-43682.214844,-43078.558594,-52963.886719,-44738.601563,-53015.878906,-44155.175781,-51245.082031,-0.070000,-0.956000,0.208000,192.000000,0.000000,0.000000,0.000000,0.000000,0.000000,0.000000,0.000000,0.000000,0.000000,1629480554.786574
6.000000,-46664.761719,-43667.796875,-43067.472656,-52957.339844,-44725.480469,-53029.488281,-44145.722656,-51243.226563,-0.068000,-0.956000,0.204000,192.000000,253.000000,224.000000,226.000000,32.000000,6.000000,96.000000,0.000000,0.000000,0.000000,1629480554.789566
7.000000,-46709.511719,-43713.527344,-43104.265625,-52967.621094,-44733.437500,-53003.070313,-44148.203125,-51260.148438,-0.068000,-0.956000,0.204000,192.000000,0.000000,0.000000,0.000000,0.000000,0.000000,0.000000,0.000000,0.000000,0.000000,1629480554.794559
8.000000,-46749.500000,-43753.605469,-43136.675781,-52978.972656,-44751.476563,-52972.046875,-44159.535156,-51271.972656,-0.068000,-0.956000,0.204000,192.000000,0.000000,0.000000,0.000000,0.000000,0.000000,0.000000,0.000000,0.000000,0.000000,1629480554.798562
9.000000,-46732.132813,-43736.148438,-43122.390625,-52978.011719,-44756.730469,-52980.359375,-44166.308594,-51262.359375,-0.068000,-0.956000,0.204000,192.000000,0.000000,0.000000,0.000000,0.000000,0.000000,0.000000,0.000000,0.000000,0.000000,1629480554.802586
10.000000,-46681.191406,-43685.074219,-43081.691406,-52965.945313,-44742.535156,-53017.777344,-44160.453125,-51245.238281,-0.068000,-0.956000,0.204000,192.000000,0.000000,0.000000,0.000000,0.000000,0.000000,0.000000,0.000000,0.000000,0.000000,1629480554.806595
11.000000,-46666.441406,-43670.546875,-43068.234375,-52957.496094,-44726.039063,-53029.378906,-44147.175781,-51239.160156,-0.068000,-0.956000,0.204000,192.000000,0.000000,0.000000,0.000000,0.000000,0.000000,0.000000,0.000000,0.000000,0.000000,1629480554.810593
12.000000,-46712.039063,-43716.367188,-43103.058594,-52967.777344,-44732.121094,-53002.332031,-44145.519531,-51254.179688,-0.068000,-0.956000,0.204000,192.000000,0.000000,0.000000,0.000000,0.000000,0.000000,0.000000,0.000000,0.000000,0.000000,1629480554.814596
13.000000,-46753.992188,-43758.097656,-43137.011719,-52981.074219,-44752.281250,-52973.429688,-44156.921875,-51267.589844,-0.068000,-0.956000,0.204000,192.000000,0.000000,0.000000,0.000000,0.000000,0.000000,0.000000,0.000000,0.000000,0.000000,1629480554.817593
14.000000,-46735.125000,-43739.613281,-43122.414063,-52978.304688,-44758.269531,-52979.488281,-44164.093750,-51256.863281,-0.068000,-0.956000,0.204000,192.000000,0.000000,0.000000,0.000000,0.000000,0.000000,0.000000,0.000000,0.000000,0.000000,1629480554.822622
15.000000,-46681.816406,-43687.289063,-43080.863281,-52965.406250,-44744.277344,-53015.093750,-44160.609375,-51237.996094,-0.068000,-0.956000,0.204000,192.000000,0.000000,0.000000,0.000000,0.000000,0.000000,0.000000,0.000000,0.000000,0.000000,1629480554.826611
16.000000,-46664.136719,-43670.746094,-43066.804688,-52957.316406,-44728.343750,-53028.593750,-44147.085938,-51232.855469,-0.070000,-0.952000,0.200000,192.000000,253.000000,208.000000,226.000000,64.000000,6.000000,64.000000,0.000000,0.000000,0.000000,1629480554.830612
17.000000,-46707.121094,-43713.707031,-43100.621094,-52965.609375,-44732.589844,-53001.996094,-44145.207031,-51249.484375,-0.070000,-0.952000,0.200000,192.000000,0.000000,0.000000,0.000000,0.000000,0.000000,0.000000,0.000000,0.000000,0.000000,1629480554.834616
18.000000,-46750.480469,-43756.914063,-43136.273438,-52978.460938,-44751.296875,-52971.664063,-44154.796875,-51264.730469,-0.070000,-0.952000,0.200000,192.000000,0.000000,0.000000,0.000000,0.000000,0.000000,0.000000,0.000000,0.000000,0.000000,1629480554.838612
19.000000,-46734.925781,-43741.824219,-43125.277344,-52978.191406,-44757.957031,-52979.710938,-44162.261719,-51256.035156,-0.070000,-0.952000,0.200000,192.000000,0.000000,0.000000,0.000000,0.000000,0.000000,0.000000,0.000000,0.000000,0.000000,1629480554.841625
20.000000,-46680.992188,-43688.628906,-43083.121094,-52965.050781,-44743.789063,-53016.414063,-44154.976563,-51235.472656,-0.070000,-0.952000,0.200000,192.000000,0.000000,0.000000,0.000000,0.000000,0.000000,0.000000,0.000000,0.000000,0.000000,1629480554.845640
21.000000,-46663.980469,-43670.792969,-43068.503906,-52957.898438,-44728.230469,-53031.007813,-44141.652344,-51230.890625,-0.070000,-0.952000,0.200000,192.000000,0.000000,0.000000,0.000000,0.000000,0.000000,0.000000,0.000000,0.000000,0.000000,1629480554.850647
22.000000,-46703.410156,-43709.527344,-43098.542969,-52963.707031,-44730.445313,-53001.484375,-44136.066406,-51246.558594,-0.070000,-0.952000,0.200000,192.000000,0.000000,0.000000,0.000000,0.000000,0.000000,0.000000,0.000000,0.000000,0.000000,1629480554.854646
23.000000,-46748.871094,-43753.851563,-43133.769531,-52977.363281,-44749.105469,-52970.281250,-44145.789063,-51260.617188,-0.070000,-0.952000,0.200000,192.000000,0.000000,0.000000,0.000000,0.000000,0.000000,0.000000,0.000000,0.000000,0.000000,1629480554.858654
24.000000,-46734.144531,-43739.210938,-43123.800781,-52977.453125,-44755.613281,-52978.304688,-44154.863281,-51254.515625,-0.070000,-0.952000,0.200000,192.000000,0.000000,0.000000,0.000000,0.000000,0.000000,0.000000,0.000000,0.000000,0.000000,1629480554.862643
25.000000,-46681.640625,-43687.710938,-43082.316406,-52965.406250,-44740.167969,-53015.496094,-44149.992188,-51237.484375,-0.070000,-0.952000,0.200000,192.000000,0.000000,0.000000,0.000000,0.000000,0.000000,0.000000,0.000000,0.000000,0.000000,1629480554.865666
26.000000,-46662.437500,-43668.601563,-43064.925781,-52955.617188,-44721.679688,-53027.812500,-44136.445313,-51233.414063,-0.074000,-0.958000,0.210000,192.000000,253.000000,176.000000,226.000000,16.000000,6.000000,144.000000,0.000000,0.000000,0.000000,1629480554.869668
27.000000,-46705.175781,-43709.550781,-43097.582031,-52964.066406,-44726.152344,-53002.890625,-44134.121094,-51251.585938,-0.074000,-0.958000,0.210000,192.000000,0.000000,0.000000,0.000000,0.000000,0.000000,0.000000,0.000000,0.000000,0.000000,1629480554.873669
28.000000,-46752.160156,-43755.328125,-43135.175781,-52978.929688,-44746.761719,-52972.492188,-44147.398438,-51267.324219,-0.074000,-0.958000,0.210000,192.000000,0.000000,0.000000,0.000000,0.000000,0.000000,0.000000,0.000000,0.000000,0.000000,1629480554.878674
29.000000,-46736.757813,-43740.886719,-43124.628906,-52978.683594,-44753.242188,-52977.523438,-44156.964844,-51260.281250,-0.074000,-0.958000,0.210000,192.000000,0.000000,0.000000,0.000000,0.000000,0.000000,0.000000,0.000000,0.000000,0.000000,1629480554.882698
30.000000,-46681.414063,-43685.945313,-43080.839844,-52964.402344,-44736.476563,-53011.429688,-44151.355469,-51240.925781,-0.074000,-0.958000,0.210000,192.000000,0.000000,0.000000,0.000000,0.000000,0.000000,0.000000,0.000000,0.000000,0.000000,1629480554.886703
31.000000,-46663.265625,-43668.085938,-43065.664063,-52957.917969,-44722.171875,-53028.929688,-44141.542969,-51239.316406,-0.074000,-0.958000,0.210000,192.000000,0.000000,0.000000,0.000000,0.000000,0.000000,0.000000,0.000000,0.000000,0.000000,1629480554.891700
32.000000,-46704.214844,-43708.433594,-43098.832031,-52966.367188,-44726.621094,-53004.925781,-44140.984375,-51254.941406,-0.074000,-0.958000,0.210000,192.000000,0.000000,0.000000,0.000000,0.000000,0.000000,0.000000,0.000000,0.000000,0.000000,1629480554.895702
33.000000,-46745.968750,-43750.765625,-43132.316406,-52977.789063,-44743.453125,-52969.832031,-44148.851563,-51266.339844,-0.074000,-0.958000,0.210000,192.000000,0.000000,0.000000,0.000000,0.000000,0.000000,0.000000,0.000000,0.000000,0.000000,1629480554.898693
34.000000,-46736.625000,-43741.578125,-43126.035156,-52981.476563,-44754.671875,-52977.746094,-44160.718750,-51263.230469,-0.074000,-0.958000,0.210000,192.000000,0.000000,0.000000,0.000000,0.000000,0.000000,0.000000,0.000000,0.000000,0.000000,1629480554.902688
35.000000,-46685.328125,-43691.109375,-43085.800781,-52971.644531,-44743.609375,-53016.703125,-44158.617188,-51248.859375,-0.074000,-0.958000,0.210000,192.000000,0.000000,0.000000,0.000000,0.000000,0.000000,0.000000,0.000000,0.000000,0.000000,1629480554.905732
36.000000,-46664.832031,-43670.589844,-43069.039063,-52963.550781,-44727.558594,-53034.855469,-44147.800781,-51244.679688,-0.068000,-0.948000,0.214000,192.000000,253.000000,224.000000,226.000000,96.000000,6.000000,176.000000,0.000000,0.000000,0.000000,1629480554.910720
37.000000,-46704.011719,-43709.953125,-43099.390625,-52970.167969,-44731.539063,-53009.148438,-44144.738281,-51258.894531,-0.068000,-0.948000,0.214000,192.000000,0.000000,0.000000,0.000000,0.000000,0.000000,0.000000,0.000000,0.000000,0.000000,1629480554.914731
38.000000,-46750.839844,-43757.203125,-43136.742188,-52984.605469,-44751.855469,-52977.453125,-44156.695313,-51275.390625,-0.068000,-0.948000,0.214000,192.000000,0.000000,0.000000,0.000000,0.000000,0.000000,0.000000,0.000000,0.000000,0.000000,1629480554.917730
39.000000,-46736.355469,-43743.859375,-43125.386719,-52981.679688,-44755.746094,-52980.160156,-44162.664063,-51266.027344,-0.068000,-0.948000,0.214000,192.000000,0.000000,0.000000,0.000000,0.000000,0.000000,0.000000,0.000000,0.000000,0.000000,1629480554.921721
40.000000,-46683.628906,-43691.488281,-43084.281250,-52970.210938,-44743.070313,-53015.339844,-44158.597656,-51247.140625,-0.068000,-0.948000,0.214000,192.000000,0.000000,0.000000,0.000000,0.000000,0.000000,0.000000,0.000000,0.000000,0.000000,1629480554.925762
41.000000,-46660.984375,-43669.472656,-43066.691406,-52961.718750,-44726.753906,-53032.730469,-44147.242188,-51241.304688,-0.068000,-0.948000,0.214000,192.000000,0.000000,0.000000,0.000000,0.000000,0.000000,0.000000,0.000000,0.000000,0.000000,1629480554.929762
42.000000,-46700.035156,-43708.855469,-43096.644531,-52968.156250,-44729.257813,-53008.210938,-44142.281250,-51256.480469,-0.068000,-0.948000,0.214000,192.000000,0.000000,0.000000,0.000000,0.000000,0.000000,0.000000,0.000000,0.000000,0.000000,1629480554.933761
43.000000,-46748.269531,-43756.667969,-43134.640625,-52982.281250,-44747.164063,-52974.414063,-44150.484375,-51271.996094,-0.068000,-0.948000,0.214000,192.000000,0.000000,0.000000,0.000000,0.000000,0.000000,0.000000,0.000000,0.000000,0.000000,1629480554.938764
44.000000,-46736.914063,-43745.000000,-43126.214844,-52981.835938,-44752.863281,-52977.992188,-44159.355469,-51263.992188,-0.068000,-0.948000,0.214000,192.000000,0.000000,0.000000,0.000000,0.000000,0.000000,0.000000,0.000000,0.000000,0.000000,1629480554.942778
45.000000,-46687.964844,-43696.027344,-43087.656250,-52971.375000,-44743.675781,-53017.753906,-44160.093750,-51247.386719,-0.068000,-0.948000,0.214000,192.000000,0.000000,0.000000,0.000000,0.000000,0.000000,0.000000,0.000000,0.000000,0.000000,1629480554.945772
46.000000,-46665.343750,-43673.875000,-43070.289063,-52962.835938,-44728.410156,-53037.066406,-44146.906250,-51240.859375,-0.066000,-0.948000,0.216000,192.000000,253.000000,240.000000,226.000000,96.000000,6.000000,192.000000,0.000000,0.000000,0.000000,1629480554.949772
47.000000,-46700.996094,-43710.308594,-43097.937500,-52967.687500,-44731.160156,-53011.183594,-44140.246094,-51253.105469,-0.066000,-0.948000,0.216000,192.000000,0.000000,0.000000,0.000000,0.000000,0.000000,0.000000,0.000000,0.000000,0.000000,1629480554.953765
48.000000,-46746.058594,-43754.433594,-43131.824219,-52976.539063,-44747.410156,-52974.167969,-44147.644531,-51265.242188,-0.066000,-0.948000,0.216000,192.000000,0.000000,0.000000,0.000000,0.000000,0.000000,0.000000,0.000000,0.000000,0.000000,1629480554.959807
49.000000,-46736.175781,-43743.949219,-43124.156250,-52977.679688,-44754.359375,-52976.785156,-44156.808594,-51260.058594,-0.066000,-0.948000,0.216000,192.000000,0.000000,0.000000,0.000000,0.000000,0.000000,0.000000,0.000000,0.000000,0.000000,1629480554.962802
50.000000,-46684.457031,-43692.605469,-43084.996094,-52966.546875,-44743.207031,-53015.339844,-44155.937500,-51244.253906,-0.066000,-0.948000,0.216000,192.000000,0.000000,0.000000,0.000000,0.000000,0.000000,0.000000,0.000000,0.000000,0.000000,1629480554.966812
51.000000,-46658.750000,-43667.195313,-43064.925781,-52955.394531,-44725.480469,-53033.355469,-44142.011719,-51239.785156,-0.066000,-0.948000,0.216000,192.000000,0.000000,0.000000,0.000000,0.000000,0.000000,0.000000,0.000000,0.000000,0.000000,1629480554.970801
52.000000,-46695.519531,-43703.941406,-43093.132813,-52962.253906,-44725.972656,-53009.441406,-44137.226563,-51254.449219,-0.066000,-0.948000,0.216000,192.000000,0.000000,0.000000,0.000000,0.000000,0.000000,0.000000,0.000000,0.000000,0.000000,1629480554.973809
53.000000,-46742.660156,-43750.656250,-43130.371094,-52975.441406,-44743.273438,-52973.765625,-44144.828125,-51266.742188,-0.066000,-0.948000,0.216000,192.000000,0.000000,0.000000,0.000000,0.000000,0.000000,0.000000,0.000000,0.000000,0.000000,1629480554.977824
54.000000,-46734.457031,-43741.578125,-43124.269531,-52976.671875,-44750.113281,-52975.109375,-44154.214844,-51260.683594,-0.066000,-0.948000,0.216000,192.000000,0.000000,0.000000,0.000000,0.000000,0.000000,0.000000,0.000000,0.000000,0.000000,1629480554.981821
55.000000,-46682.265625,-43690.171875,-43083.789063,-52965.027344,-44738.000000,-53011.226563,-44152.292969,-51243.765625,-0.066000,-0.960000,0.216000,192.000000,253.000000,240.000000,226.000000,0.000000,6.000000,192.000000,0.000000,0.000000,0.000000,1629480554.985825
56.000000,-46657.789063,-43666.410156,-43064.480469,-52956.355469,-44721.750000,-53032.351563,-44141.339844,-51239.406250,-0.066000,-0.960000,0.216000,192.000000,0.000000,0.000000,0.000000,0.000000,0.000000,0.000000,0.000000,0.000000,0.000000,1629480554.989823
57.000000,-46695.789063,-43703.941406,-43094.027344,-52963.261719,-44726.085938,-53011.093750,-44140.089844,-51255.164063,-0.066000,-0.960000,0.216000,192.000000,0.000000,0.000000,0.000000,0.000000,0.000000,0.000000,0.000000,0.000000,0.000000,1629480554.994865
58.000000,-46742.437500,-43749.828125,-43130.640625,-52975.332031,-44742.289063,-52974.234375,-44147.285156,-51266.832031,-0.066000,-0.960000,0.216000,192.000000,0.000000,0.000000,0.000000,0.000000,0.000000,0.000000,0.000000,0.000000,0.000000,1629480554.997857
59.000000,-46737.855469,-43745.000000,-43128.406250,-52978.816406,-44753.511719,-52976.875000,-44159.402344,-51263.253906,-0.066000,-0.960000,0.216000,192.000000,0.000000,0.000000,0.000000,0.000000,0.000000,0.000000,0.000000,0.000000,0.000000,1629480555.001861
60.000000,-46683.738281,-43690.910156,-43085.355469,-52964.289063,-44740.054688,-53009.304688,-44156.519531,-51244.097656,-0.066000,-0.960000,0.216000,192.000000,0.000000,0.000000,0.000000,0.000000,0.000000,0.000000,0.000000,0.000000,0.000000,1629480555.005850
61.000000,-46659.445313,-43666.121094,-43065.304688,-52955.238281,-44724.183594,-53029.781250,-44147.511719,-51239.113281,-0.066000,-0.960000,0.216000,192.000000,0.000000,0.000000,0.000000,0.000000,0.000000,0.000000,0.000000,0.000000,0.000000,1629480555.009855
62.000000,-46697.015625,-43703.113281,-43094.742188,-52962.433594,-44728.765625,-53009.484375,-44145.832031,-51254.269531,-0.066000,-0.960000,0.216000,192.000000,0.000000,0.000000,0.000000,0.000000,0.000000,0.000000,0.000000,0.000000,0.000000,1629480555.013875
63.000000,-46744.132813,-43750.722656,-43132.964844,-52975.621094,-44745.886719,-52975.332031,-44156.449219,-51269.511719,-0.066000,-0.960000,0.216000,192.000000,0.000000,0.000000,0.000000,0.000000,0.000000,0.000000,0.000000,0.000000,0.000000,1629480555.017872
64.000000,-46738.167969,-43746.027344,-43128.562500,-52977.968750,-44754.671875,-52974.996094,-44167.359375,-51264.820313,-0.066000,-0.960000,0.216000,192.000000,0.000000,0.000000,0.000000,0.000000,0.000000,0.000000,0.000000,0.000000,0.000000,1629480555.022887
65.000000,-46683.425781,-43692.449219,-43085.242188,-52963.953125,-44740.167969,-53006.312500,-44163.066406,-51244.523438,-0.072000,-0.960000,0.220000,192.000000,253.000000,192.000000,226.000000,0.000000,6.000000,224.000000,0.000000,0.000000,0.000000,1629480555.025883
66.000000,-46654.949219,-43663.750000,-43062.152344,-52953.941406,-44721.367188,-53027.140625,-44149.679688,-51237.660156,-0.072000,-0.960000,0.220000,192.000000,0.000000,0.000000,0.000000,0.000000,0.000000,0.000000,0.000000,0.000000,0.000000,1629480555.029892
67.000000,-46690.757813,-43699.847656,-43089.265625,-52960.398438,-44723.515625,-53008.324219,-44145.722656,-51250.781250,-0.072000,-0.960000,0.220000,192.000000,0.000000,0.000000,0.000000,0.000000,0.000000,0.000000,0.000000,0.000000,0.000000,1629480555.033906
68.000000,-46745.164063,-43753.960938,-43132.183594,-52977.679688,-44746.714844,-52979.398438,-44158.820313,-51269.402344,-0.072000,-0.960000,0.220000,192.000000,0.000000,0.000000,0.000000,0.000000,0.000000,0.000000,0.000000,0.000000,0.000000,1629480555.037916
69.000000,-46741.585938,-43750.074219,-43130.238281,-52980.875000,-44755.859375,-52980.785156,-44167.960938,-51265.085938,-0.072000,-0.960000,0.220000,192.000000,0.000000,0.000000,0.000000,0.000000,0.000000,0.000000,0.000000,0.000000,0.000000,1629480555.041901
70.000000,-46688.164063,-43697.792969,-43088.394531,-52968.425781,-44742.023438,-53013.574219,-44162.664063,-51246.089844,-0.072000,-0.960000,0.220000,192.000000,0.000000,0.000000,0.000000,0.000000,0.000000,0.000000,0.000000,0.000000,0.000000,1629480555.045902
71.000000,-46658.058594,-43668.757813,-43063.964844,-52956.019531,-44723.156250,-53031.992188,-44147.398438,-51235.359375,-0.072000,-0.960000,0.220000,192.000000,0.000000,0.000000,0.000000,0.000000,0.000000,0.000000,0.000000,0.000000,0.000000,1629480555.050928
72.000000,-46694.042969,-43703.605469,-43091.523438,-52962.144531,-44724.542969,-53011.562500,-44142.101563,-51246.914063,-0.072000,-0.960000,0.220000,192.000000,0.000000,0.000000,0.000000,0.000000,0.000000,0.000000,0.000000,0.000000,0.000000,1629480555.053922
73.000000,-46744.359375,-43752.933594,-43131.488281,-52977.855469,-44743.363281,-52977.140625,-44150.750000,-51264.148438,-0.072000,-0.960000,0.220000,192.000000,0.000000,0.000000,0.000000,0.000000,0.000000,0.000000,0.000000,0.000000,0.000000,1629480555.057939
74.000000,-46741.160156,-43749.539063,-43128.515625,-52981.054688,-44752.324219,-52976.359375,-44160.964844,-51260.660156,-0.072000,-0.960000,0.220000,192.000000,0.000000,0.000000,0.000000,0.000000,0.000000,0.000000,0.000000,0.000000,0.000000,1629480555.061930
75.000000,-46690.019531,-43697.925781,-43087.613281,-52968.738281,-44739.382813,-53009.261719,-44156.851563,-51240.679688,-0.068000,-0.958000,0.214000,192.000000,253.000000,224.000000,226.000000,16.000000,6.000000,176.000000,0.000000,0.000000,0.000000,1629480555.065935
76.000000,-46661.789063,-43669.562500,-43064.792969,-52958.703125,-44721.593750,-53033.734375,-44146.035156,-51235.089844,-0.068000,-0.958000,0.214000,192.000000,0.000000,0.000000,0.000000,0.000000,0.000000,0.000000,0.000000,0.000000,0.000000,1629480555.069952
77.000000,-46696.636719,-43703.515625,-43092.238281,-52966.257813,-44724.855469,-53016.593750,-44146.683594,-51250.625000,-0.068000,-0.958000,0.214000,192.000000,0.000000,0.000000,0.000000,0.000000,0.000000,0.000000,0.000000,0.000000,0.000000,1629480555.073966
78.000000,-46745.386719,-43752.687500,-43130.394531,-52978.414063,-44741.687500,-52978.906250,-44154.148438,-51267.121094,-0.068000,-0.958000,0.214000,192.000000,0.000000,0.000000,0.000000,0.000000,0.000000,0.000000,0.000000,0.000000,0.000000,1629480555.077949
79.000000,-46741.429688,-43748.621094,-43128.269531,-52980.496094,-44749.664063,-52975.062500,-44161.433594,-51264.304688,-0.068000,-0.958000,0.214000,192.000000,0.000000,0.000000,0.000000,0.000000,0.000000,0.000000,0.000000,0.000000,0.000000,1629480555.080952
80.000000,-46688.859375,-43696.070313,-43085.691406,-52968.042969,-44737.195313,-53007.316406,-44157.566406,-51243.316406,-0.068000,-0.958000,0.214000,192.000000,0.000000,0.000000,0.000000,0.000000,0.000000,0.000000,0.000000,0.000000,0.000000,1629480555.084967
81.000000,-46659.800781,-43667.437500,-43063.070313,-52958.566406,-44719.511719,-53030.718750,-44146.617188,-51235.382813,-0.068000,-0.958000,0.214000,192.000000,0.000000,0.000000,0.000000,0.000000,0.000000,0.000000,0.000000,0.000000,0.000000,1629480555.090020
82.000000,-46689.796875,-43697.660156,-43087.210938,-52960.757813,-44718.441406,-53008.277344,-44142.437500,-51246.421875,-0.068000,-0.958000,0.214000,192.000000,0.000000,0.000000,0.000000,0.000000,0.000000,0.000000,0.000000,0.000000,0.000000,1629480555.093982
83.000000,-46739.976563,-43747.324219,-43127.777344,-52972.941406,-44736.566406,-52971.261719,-44150.281250,-51263.925781,-0.068000,-0.958000,0.214000,192.000000,0.000000,0.000000,0.000000,0.000000,0.000000,0.000000,0.000000,0.000000,0.000000,1629480555.097980
84.000000,-46739.777344,-43747.683594,-43128.226563,-52977.789063,-44748.546875,-52970.683594,-44160.093750,-51262.761719,-0.068000,-0.958000,0.214000,192.000000,0.000000,0.000000,0.000000,0.000000,0.000000,0.000000,0.000000,0.000000,0.000000,1629480555.101998
85.000000,-46689.929688,-43699.246094,-43089.960938,-52969.496094,-44738.667969,-53006.488281,-44159.445313,-51246.000000,-0.068000,-0.964000,0.216000,192.000000,253.000000,224.000000,225.000000,224.000000,6.000000,192.000000,0.000000,0.000000,0.000000,1629480555.105976
86.000000,-46659.128906,-43669.406250,-43065.687500,-52959.281250,-44720.789063,-53030.851563,-44149.363281,-51237.257813,-0.068000,-0.964000,0.216000,192.000000,0.000000,0.000000,0.000000,0.000000,0.000000,0.000000,0.000000,0.000000,0.000000,1629480555.108987
87.000000,-46689.417969,-43699.246094,-43089.289063,-52962.054688,-44720.675781,-53009.843750,-44142.593750,-51249.171875,-0.068000,-0.964000,0.216000,192.000000,0.000000,0.000000,0.000000,0.000000,0.000000,0.000000,0.000000,0.000000,0.000000,1629480555.113018
88.000000,-46742.613281,-43752.062500,-43132.875000,-52978.035156,-44742.289063,-52975.464844,-44153.386719,-51270.183594,-0.068000,-0.964000,0.216000,192.000000,0.000000,0.000000,0.000000,0.000000,0.000000,0.000000,0.000000,0.000000,0.000000,1629480555.118107
89.000000,-46744.000000,-43753.179688,-43135.109375,-52981.679688,-44753.980469,-52974.750000,-44165.054688,-51268.460938,-0.068000,-0.964000,0.216000,192.000000,0.000000,0.000000,0.000000,0.000000,0.000000,0.000000,0.000000,0.000000,0.000000,1629480555.122012
90.000000,-46693.285156,-43702.753906,-43096.218750,-52969.765625,-44744.347656,-53009.976563,-44165.703125,-51250.402344,-0.068000,-0.964000,0.216000,192.000000,0.000000,0.000000,0.000000,0.000000,0.000000,0.000000,0.000000,0.000000,0.000000,1629480555.126005
91.000000,-46660.515625,-43669.406250,-43070.847656,-52957.113281,-44727.113281,-53033.445313,-44154.574219,-51241.394531,-0.068000,-0.964000,0.216000,192.000000,0.000000,0.000000,0.000000,0.000000,0.000000,0.000000,0.000000,0.000000,0.000000,1629480555.130036
92.000000,-46689.976563,-43698.441406,-43093.871094,-52960.800781,-44726.308594,-53014.558594,-44148.875000,-51252.300781,-0.068000,-0.964000,0.216000,192.000000,0.000000,0.000000,0.000000,0.000000,0.000000,0.000000,0.000000,0.000000,0.000000,1629480555.133031
93.000000,-46742.437500,-43751.460938,-43137.367188,-52975.687500,-44747.609375,-52980.046875,-44160.585938,-51271.523438,-0.068000,-0.964000,0.216000,192.000000,0.000000,0.000000,0.000000,0.000000,0.000000,0.000000,0.000000,0.000000,0.000000,1629480555.137053
94.000000,-46744.089844,-43753.515625,-43140.183594,-52981.476563,-44760.597656,-52977.609375,-44174.019531,-51272.800781,-0.068000,-0.964000,0.216000,192.000000,0.000000,0.000000,0.000000,0.000000,0.000000,0.000000,0.000000,0.000000,0.000000,1629480555.141050
95.000000,-46693.261719,-43703.066406,-43098.429688,-52968.937500,-44749.554688,-53010.000000,-44172.140625,-51254.539063,-0.070000,-0.960000,0.210000,192.000000,253.000000,208.000000,226.000000,0.000000,6.000000,144.000000,0.000000,0.000000,0.000000,1629480555.146071
96.000000,-46659.398438,-43669.496094,-43070.378906,-52957.316406,-44733.261719,-53032.773438,-44158.933594,-51243.250000,-0.070000,-0.960000,0.210000,192.000000,0.000000,0.000000,0.000000,0.000000,0.000000,0.000000,0.000000,0.000000,0.000000,1629480555.150038
97.000000,-46687.808594,-43697.679688,-43092.597656,-52961.765625,-44733.281250,-53015.632813,-44153.457031,-51255.675781,-0.070000,-0.960000,0.210000,192.000000,0.000000,0.000000,0.000000,0.000000,0.000000,0.000000,0.000000,0.000000,0.000000,1629480555.154070
98.000000,-46737.921875,-43747.703125,-43131.957031,-52974.460938,-44747.945313,-52980.605469,-44159.355469,-51270.652344,-0.070000,-0.960000,0.210000,192.000000,0.000000,0.000000,0.000000,0.000000,0.000000,0.000000,0.000000,0.000000,0.000000,1629480555.158067
99.000000,-46742.277344,-43751.792969,-43136.250000,-52980.539063,-44762.050781,-52977.363281,-44171.246094,-51270.003906,-0.070000,-0.960000,0.210000,192.000000,0.000000,0.000000,0.000000,0.000000,0.000000,0.000000,0.000000,0.000000,0.000000,1629480555.162062
100.000000,-46693.976563,-43703.714844,-43098.339844,-52971.664063,-44753.265625,-53010.960938,-44169.480469,-51254.382813,-0.070000,-0.960000,0.210000,192.000000,0.000000,0.000000,0.000000,0.000000,0.000000,0.000000,0.000000,0.000000,0.000000,1629480555.165066
101.000000,-46660.515625,-43671.105469,-43071.250000,-52962.546875,-44737.105469,-53036.953125,-44158.171875,-51247.718750,-0.070000,-0.960000,0.210000,192.000000,0.000000,0.000000,0.000000,0.000000,0.000000,0.000000,0.000000,0.000000,0.000000,1629480555.169082
102.000000,-46689.195313,-43698.554688,-43092.304688,-52966.300781,-44734.980469,-53019.585938,-44150.593750,-51259.812500,-0.070000,-0.960000,0.210000,192.000000,0.000000,0.000000,0.000000,0.000000,0.000000,0.000000,0.000000,0.000000,0.000000,1629480555.174103
103.000000,-46742.457031,-43750.476563,-43132.808594,-52980.828125,-44752.125000,-52983.601563,-44157.300781,-51274.968750,-0.070000,-0.960000,0.210000,192.000000,0.000000,0.000000,0.000000,0.000000,0.000000,0.000000,0.000000,0.000000,0.000000,1629480555.178091
104.000000,-46745.253906,-43754.410156,-43135.066406,-52985.300781,-44764.195313,-52977.542969,-44165.167969,-51273.042969,-0.070000,-0.960000,0.210000,192.000000,0.000000,0.000000,0.000000,0.000000,0.000000,0.000000,0.000000,0.000000,0.000000,1629480555.182096
105.000000,-46695.742188,-43706.242188,-43096.820313,-52975.128906,-44755.656250,-53010.980469,-44165.011719,-51256.617188,-0.070000,-0.950000,0.214000,192.000000,253.000000,208.000000,226.000000,80.000000,6.000000,176.000000,0.000000,0.000000,0.000000,1629480555.186087
106.000000,-46660.425781,-43669.964844,-43068.433594,-52962.613281,-44735.070313,-53034.964844,-44151.488281,-51244.078125,-0.070000,-0.950000,0.214000,192.000000,0.000000,0.000000,0.000000,0.000000,0.000000,0.000000,0.000000,0.000000,0.000000,1629480555.189109
107.000000,-46688.144531,-43697.191406,-43089.468750,-52966.277344,-44733.730469,-53017.488281,-44145.519531,-51254.468750,-0.070000,-0.950000,0.214000,192.000000,0.000000,0.000000,0.000000,0.000000,0.000000,0.000000,0.000000,0.000000,0.000000,1629480555.193120
108.000000,-46742.167969,-43749.605469,-43132.359375,-52980.269531,-44752.148438,-52982.058594,-44154.820313,-51273.042969,-0.070000,-0.950000,0.214000,192.000000,0.000000,0.000000,0.000000,0.000000,0.000000,0.000000,0.000000,0.000000,0.000000,1629480555.197118
109.000000,-46745.609375,-43752.441406,-43135.085938,-52983.601563,-44762.718750,-52973.812500,-44163.714844,-51269.312500,-0.070000,-0.950000,0.214000,192.000000,0.000000,0.000000,0.000000,0.000000,0.000000,0.000000,0.000000,0.000000,0.000000,1629480555.201118
110.000000,-46695.632813,-43702.507813,-43095.191406,-52973.585938,-44753.019531,-53004.835938,-44161.546875,-51249.777344,-0.070000,-0.950000,0.214000,192.000000,0.000000,0.000000,0.000000,0.000000,0.000000,0.000000,0.000000,0.000000,0.000000,1629480555.206119
111.000000,-46660.941406,-43667.281250,-43067.382813,-52962.277344,-44736.925781,-53031.007813,-44148.089844,-51241.125000,-0.070000,-0.950000,0.214000,192.000000,0.000000,0.000000,0.000000,0.000000,0.000000,0.000000,0.000000,0.000000,0.000000,1629480555.210153
112.000000,-46686.734375,-43692.003906,-43087.636719,-52965.742188,-44733.750000,-53015.429688,-44141.140625,-51251.632813,-0.070000,-0.950000,0.214000,192.000000,0.000000,0.000000,0.000000,0.000000,0.000000,0.000000,0.000000,0.000000,0.000000,1629480555.213145
113.000000,-46739.531250,-43743.816406,-43129.277344,-52981.320313,-44750.046875,-52979.375000,-44150.593750,-51270.183594,-0.070000,-0.950000,0.214000,192.000000,0.000000,0.000000,0.000000,0.000000,0.000000,0.000000,0.000000,0.000000,0.000000,1629480555.217145
114.000000,-46743.777344,-43747.859375,-43133.187500,-52985.882813,-44761.804688,-52971.062500,-44160.832031,-51269.824219,-0.062000,-0.958000,0.214000,192.000000,254.000000,16.000000,226.000000,16.000000,6.000000,176.000000,0.000000,0.000000,0.000000,1629480555.221139
115.000000,-46696.503906,-43702.062500,-43097.558594,-52976.226563,-44754.023438,-53003.226563,-44162.933594,-51255.296875,-0.062000,-0.958000,0.214000,192.000000,0.000000,0.000000,0.000000,0.000000,0.000000,0.000000,0.000000,0.000000,0.000000,1629480555.225142
116.000000,-46661.187500,-43666.902344,-43069.285156,-52964.246094,-44734.800781,-53029.578125,-44152.671875,-51245.394531,-0.062000,-0.958000,0.214000,192.000000,0.000000,0.000000,0.000000,0.000000,0.000000,0.000000,0.000000,0.000000,0.000000,1629480555.229144
117.000000,-46687.675781,-43693.054688,-43089.468750,-52967.597656,-44732.187500,-53014.781250,-44147.128906,-51255.566406,-0.062000,-0.958000,0.214000,192.000000,0.000000,0.000000,0.000000,0.000000,0.000000,0.000000,0.000000,0.000000,0.000000,1629480555.234163
118.000000,-46740.492188,-43745.425781,-43131.957031,-52981.433594,-44748.437500,-52978.640625,-44153.546875,-51270.789063,-0.062000,-0.958000,0.214000,192.000000,0.000000,0.000000,0.000000,0.000000,0.000000,0.000000,0.000000,0.000000,0.000000,1629480555.238177
119.000000,-46747.175781,-43750.632813,-43137.636719,-52984.339844,-44759.859375,-52969.632813,-44162.777344,-51266.851563,-0.062000,-0.958000,0.214000,192.000000,0.000000,0.000000,0.000000,0.000000,0.000000,0.000000,0.000000,0.000000,0.000000,1629480555.241172
120.000000,-46701.507813,-43704.746094,-43101.226563,-52975.218750,-44751.410156,-53002.511719,-44164.562500,-51251.207031,-0.062000,-0.958000,0.214000,192.000000,0.000000,0.000000,0.000000,0.000000,0.000000,0.000000,0.000000,0.000000,0.000000,1629480555.245174
121.000000,-46663.242188,-43666.859375,-43071.562500,-52962.812500,-44732.746094,-53030.851563,-44155.734375,-51240.253906,-0.062000,-0.958000,0.214000,192.000000,0.000000,0.000000,0.000000,0.000000,0.000000,0.000000,0.000000,0.000000,0.000000,1629480555.249194
122.000000,-46688.792969,-43691.714844,-43091.835938,-52967.039063,-44731.808594,-53019.097656,-44152.003906,-51249.753906,-0.062000,-0.958000,0.214000,192.000000,0.000000,0.000000,0.000000,0.000000,0.000000,0.000000,0.000000,0.000000,0.000000,1629480555.253194
123.000000,-46739.351563,-43741.421875,-43131.109375,-52978.750000,-44746.000000,-52981.164063,-44156.160156,-51265.332031,-0.062000,-0.958000,0.214000,192.000000,0.000000,0.000000,0.000000,0.000000,0.000000,0.000000,0.000000,0.000000,0.000000,1629480555.257193
124.000000,-46748.628906,-43750.500000,-43138.910156,-52985.433594,-44760.527344,-52974.726563,-44167.335938,-51267.992188,-0.064000,-0.958000,0.216000,192.000000,254.000000,0.000000,226.000000,16.000000,6.000000,192.000000,0.000000,0.000000,0.000000,1629480555.262191
125.000000,-46702.070313,-43704.164063,-43103.058594,-52976.472656,-44751.542969,-53006.511719,-44166.687500,-51253.910156,-0.064000,-0.958000,0.216000,192.000000,0.000000,0.000000,0.000000,0.000000,0.000000,0.000000,0.000000,0.000000,0.000000,1629480555.266222
126.000000,-46664.113281,-43666.277344,-43072.234375,-52964.625000,-44732.679688,-53033.511719,-44152.562500,-51244.187500,-0.064000,-0.958000,0.216000,192.000000,0.000000,0.000000,0.000000,0.000000,0.000000,0.000000,0.000000,0.000000,0.000000,1629480555.269242
127.000000,-46687.785156,-43690.261719,-43090.675781,-52968.781250,-44730.511719,-53022.605469,-44145.410156,-51255.589844,-0.064000,-0.958000,0.216000,192.000000,0.000000,0.000000,0.000000,0.000000,0.000000,0.000000,0.000000,0.000000,0.000000,1629480555.273222
128.000000,-46741.386719,-43743.835938,-43132.851563,-52982.394531,-44748.101563,-52986.976563,-44152.898438,-51273.156250,-0.064000,-0.958000,0.216000,192.000000,0.000000,0.000000,0.000000,0.000000,0.000000,0.000000,0.000000,0.000000,0.000000,1629480555.277220
129.000000,-46750.437500,-43752.957031,-43138.531250,-52985.546875,-44758.761719,-52975.218750,-44162.171875,-51270.273438,-0.064000,-0.958000,0.216000,192.000000,0.000000,0.000000,0.000000,0.000000,0.000000,0.000000,0.000000,0.000000,0.000000,1629480555.281232
130.000000,-46703.812500,-43706.710938,-43101.089844,-52975.488281,-44748.996094,-53005.730469,-44163.492188,-51254.269531,-0.064000,-0.958000,0.216000,192.000000,0.000000,0.000000,0.000000,0.000000,0.000000,0.000000,0.000000,0.000000,0.000000,1629480555.285244
131.000000,-46664.539063,-43667.394531,-43069.621094,-52964.132813,-44731.070313,-53034.316406,-44152.046875,-51245.460938,-0.064000,-0.958000,0.216000,192.000000,0.000000,0.000000,0.000000,0.000000,0.000000,0.000000,0.000000,0.000000,0.000000,1629480555.290254
132.000000,-46687.113281,-43689.476563,-43087.097656,-52967.753906,-44727.941406,-53024.125000,-44144.671875,-51257.039063,-0.064000,-0.958000,0.216000,192.000000,0.000000,0.000000,0.000000,0.000000,0.000000,0.000000,0.000000,0.000000,0.000000,1629480555.293242
133.000000,-46739.910156,-43743.234375,-43129.722656,-52981.054688,-44743.429688,-52986.328125,-44150.929688,-51273.179688,-0.064000,-0.958000,0.216000,192.000000,0.000000,0.000000,0.000000,0.000000,0.000000,0.000000,0.000000,0.000000,0.000000,1629480555.296238
134.000000,-46751.085938,-43754.656250,-43139.000000,-52986.484375,-44756.214844,-52975.687500,-44160.453125,-51272.464844,-0.070000,-0.950000,0.216000,192.000000,253.000000,208.000000,226.000000,80.000000,6.000000,192.000000,0.000000,0.000000,0.000000,1629480555.301247
135.000000,-46706.406250,-43710.019531,-43102.453125,-52979.085938,-44749.308594,-53007.898438,-44160.742188,-51255.675781,-0.070000,-0.950000,0.216000,192.000000,0.000000,0.000000,0.000000,0.000000,0.000000,0.000000,0.000000,0.000000,0.000000,1629480555.305247
136.000000,-46664.382813,-43669.496094,-43068.257813,-52965.562500,-44728.320313,-53037.804688,-44148.160156,-51242.355469,-0.070000,-0.950000,0.216000,192.000000,0.000000,0.000000,0.000000,0.000000,0.000000,0.000000,0.000000,0.000000,0.000000,1629480555.309281
137.000000,-46684.835938,-43689.769531,-43084.125000,-52967.285156,-44724.496094,-53024.527344,-44139.687500,-51250.714844,-0.070000,-0.950000,0.216000,192.000000,0.000000,0.000000,0.000000,0.000000,0.000000,0.000000,0.000000,0.000000,0.000000,1629480555.313263
138.000000,-46737.292969,-43740.039063,-43124.628906,-52978.191406,-44739.496094,-52986.507813,-44142.726563,-51265.960938,-0.070000,-0.950000,0.216000,192.000000,0.000000,0.000000,0.000000,0.000000,0.000000,0.000000,0.000000,0.000000,0.000000,1629480555.318269
139.000000,-46748.425781,-43750.878906,-43132.851563,-52983.289063,-44752.347656,-52972.851563,-44152.472656,-51265.000000,-0.070000,-0.950000,0.216000,192.000000,0.000000,0.000000,0.000000,0.000000,0.000000,0.000000,0.000000,0.000000,0.000000,1629480555.321262
140.000000,-46703.542969,-43707.359375,-43096.843750,-52972.941406,-44745.777344,-52997.816406,-44153.386719,-51247.050781,-0.070000,-0.950000,0.216000,192.000000,0.000000,0.000000,0.000000,0.000000,0.000000,0.000000,0.000000,0.000000,0.000000,1629480555.325274
141.000000,-46663.152344,-43667.460938,-43065.371094,-52959.574219,-44727.828125,-53026.605469,-44141.699219,-51234.085938,-0.070000,-0.950000,0.216000,192.000000,0.000000,0.000000,0.000000,0.000000,0.000000,0.000000,0.000000,0.000000,0.000000,1629480555.329293
142.000000,-46683.984375,-43687.757813,-43081.914063,-52961.898438,-44723.738281,-53015.476563,-44135.128906,-51243.406250,-0.070000,-0.950000,0.216000,192.000000,0.000000,0.000000,0.000000,0.000000,0.000000,0.000000,0.000000,0.000000,0.000000,1629480555.333299
143.000000,-46736.355469,-43739.812500,-43123.039063,-52974.660156,-44736.253906,-52978.929688,-44140.691406,-51260.171875,-0.070000,-0.950000,0.216000,192.000000,0.000000,0.000000,0.000000,0.000000,0.000000,0.000000,0.000000,0.000000,0.000000,1629480555.337298
144.000000,-46751.621094,-43754.902344,-43135.558594,-52983.332031,-44751.789063,-52969.496094,-44154.351563,-51264.820313,-0.070000,-0.956000,0.216000,192.000000,253.000000,208.000000,226.000000,32.000000,6.000000,192.000000,0.000000,0.000000,0.000000,1629480555.341299
145.000000,-46706.964844,-43709.750000,-43099.460938,-52973.164063,-44744.480469,-52996.183594,-44154.953125,-51247.117188,-0.070000,-0.956000,0.216000,192.000000,0.000000,0.000000,0.000000,0.000000,0.000000,0.000000,0.000000,0.000000,0.000000,1629480555.346326
146.000000,-46665.656250,-43667.753906,-43066.894531,-52959.417969,-44726.332031,-53026.070313,-44145.609375,-51236.050781,-0.070000,-0.956000,0.216000,192.000000,0.000000,0.000000,0.000000,0.000000,0.000000,0.000000,0.000000,0.000000,0.000000,1629480555.349320
147.000000,-46683.605469,-43686.125000,-43081.398438,-52961.250000,-44722.171875,-53017.308594,-44137.519531,-51245.417969,-0.070000,-0.956000,0.216000,192.000000,0.000000,0.000000,0.000000,0.000000,0.000000,0.000000,0.000000,0.000000,0.000000,1629480555.352342
148.000000,-46738.031250,-43740.039063,-43124.425781,-52975.578125,-44738.937500,-52980.898438,-44144.179688,-51264.929688,-0.070000,-0.956000,0.216000,192.000000,0.000000,0.000000,0.000000,0.000000,0.000000,0.000000,0.000000,0.000000,0.000000,1629480555.357332
149.000000,-46751.242188,-43753.804688,-43136.183594,-52982.058594,-44753.355469,-52966.726563,-44157.656250,-51267.433594,-0.070000,-0.956000,0.216000,192.000000,0.000000,0.000000,0.000000,0.000000,0.000000,0.000000,0.000000,0.000000,0.000000,1629480555.361336
150.000000,-46709.378906,-43712.097656,-43103.906250,-52975.777344,-44750.312500,-52997.972656,-44163.937500,-51254.605469,-0.070000,-0.956000,0.216000,192.000000,0.000000,0.000000,0.000000,0.000000,0.000000,0.000000,0.000000,0.000000,0.000000,1629480555.365325
151.000000,-46668.070313,-43670.234375,-43071.476563,-52963.664063,-44731.964844,-53029.781250,-44153.613281,-51242.468750,-0.070000,-0.956000,0.216000,192.000000,0.000000,0.000000,0.000000,0.000000,0.000000,0.000000,0.000000,0.000000,0.000000,1629480555.369343
152.000000,-46684.054688,-43685.230469,-43081.621094,-52961.472656,-44722.417969,-53016.703125,-44142.101563,-51245.531250,-0.070000,-0.956000,0.216000,192.000000,0.000000,0.000000,0.000000,0.000000,0.000000,0.000000,0.000000,0.000000,0.000000,1629480555.373349
153.000000,-46738.210938,-43738.742188,-43123.824219,-52973.117188,-44737.664063,-52981.210938,-44147.667969,-51263.632813,-0.070000,-0.956000,0.216000,192.000000,0.000000,0.000000,0.000000,0.000000,0.000000,0.000000,0.000000,0.000000,0.000000,1629480555.376347
154.000000,-46754.101563,-43754.296875,-43136.855469,-52981.054688,-44754.652344,-52970.054688,-44159.691406,-51267.679688,-0.068000,-0.958000,0.216000,192.000000,253.000000,224.000000,226.000000,16.000000,6.000000,192.000000,0.000000,0.000000,0.000000,1629480555.380355
155.000000,-46710.652344,-43710.937500,-43102.746094,-52973.429688,-44749.019531,-52998.933594,-44162.753906,-51251.812500,-0.068000,-0.958000,0.216000,192.000000,0.000000,0.000000,0.000000,0.000000,0.000000,0.000000,0.000000,0.000000,0.000000,1629480555.385345
156.000000,-46668.296875,-43669.519531,-43068.210938,-52961.562500,-44729.816406,-53030.718750,-44154.281250,-51239.562500,-0.068000,-0.958000,0.216000,192.000000,0.000000,0.000000,0.000000,0.000000,0.000000,0.000000,0.000000,0.000000,0.000000,1629480555.389388
157.000000,-46685.281250,-43686.257813,-43082.023438,-52962.882813,-44725.414063,-53022.382813,-44145.453125,-51247.160156,-0.068000,-0.958000,0.216000,192.000000,0.000000,0.000000,0.000000,0.000000,0.000000,0.000000,0.000000,0.000000,0.000000,1629480555.393373
158.000000,-46739.417969,-43740.617188,-43126.707031,-52976.718750,-44742.535156,-52985.792969,-44149.097656,-51264.281250,-0.068000,-0.958000,0.216000,192.000000,0.000000,0.000000,0.000000,0.000000,0.000000,0.000000,0.000000,0.000000,0.000000,1629480555.397371
159.000000,-46755.289063,-43756.488281,-43138.820313,-52983.332031,-44756.886719,-52971.039063,-44159.289063,-51266.496094,-0.068000,-0.958000,0.216000,192.000000,0.000000,0.000000,0.000000,0.000000,0.000000,0.000000,0.000000,0.000000,0.000000,1629480555.400383
160.000000,-46712.550781,-43715.449219,-43104.824219,-52976.226563,-44751.699219,-52999.761719,-44160.429688,-51250.960938,-0.068000,-0.958000,0.216000,192.000000,0.000000,0.000000,0.000000,0.000000,0.000000,0.000000,0.000000,0.000000,0.000000,1629480555.404369
161.000000,-46668.382813,-43672.378906,-43069.621094,-52963.105469,-44732.410156,-53031.144531,-44148.246094,-51236.769531,-0.068000,-0.958000,0.216000,192.000000,0.000000,0.000000,0.000000,0.000000,0.000000,0.000000,0.000000,0.000000,0.000000,1629480555.408410
162.000000,-46684.074219,-43687.378906,-43079.789063,-52961.585938,-44724.074219,-53020.058594,-44137.718750,-51241.683594,-0.068000,-0.958000,0.216000,192.000000,0.000000,0.000000,0.000000,0.000000,0.000000,0.000000,0.000000,0.000000,0.000000,1629480555.413399
163.000000,-46739.464844,-43741.648438,-43121.968750,-52975.687500,-44738.667969,-52984.851563,-44139.484375,-51259.453125,-0.068000,-0.958000,0.216000,192.000000,0.000000,0.000000,0.000000,0.000000,0.000000,0.000000,0.000000,0.000000,0.000000,1629480555.417414
164.000000,-46758.460938,-43760.042969,-43136.765625,-52985.410156,-44754.671875,-52970.882813,-44148.984375,-51262.875000,-0.064000,-0.956000,0.220000,192.000000,254.000000,0.000000,226.000000,32.000000,6.000000,224.000000,0.000000,0.000000,0.000000,1629480555.421415
165.000000,-46714.988281,-43717.375000,-43102.632813,-52975.867188,-44746.515625,-52995.695313,-44149.187500,-51245.640625,-0.064000,-0.956000,0.220000,192.000000,0.000000,0.000000,0.000000,0.000000,0.000000,0.000000,0.000000,0.000000,0.000000,1629480555.425429
166.000000,-46670.843750,-43674.324219,-43068.457031,-52962.566406,-44727.738281,-53026.472656,-44140.042969,-51232.675781,-0.064000,-0.956000,0.220000,192.000000,0.000000,0.000000,0.000000,0.000000,0.000000,0.000000,0.000000,0.000000,0.000000,1629480555.429448
167.000000,-46687.406250,-43690.550781,-43081.332031,-52962.835938,-44722.574219,-53020.144531,-44133.093750,-51241.304688,-0.064000,-0.956000,0.220000,192.000000,0.000000,0.000000,0.000000,0.000000,0.000000,0.000000,0.000000,0.000000,0.000000,1629480555.432438
168.000000,-46740.222656,-43743.503906,-43122.390625,-52974.726563,-44736.722656,-52982.148438,-44137.226563,-51256.906250,-0.064000,-0.956000,0.220000,192.000000,0.000000,0.000000,0.000000,0.000000,0.000000,0.000000,0.000000,0.000000,0.000000,1629480555.436431
169.000000,-46755.175781,-43758.566406,-43133.367188,-52979.644531,-44747.453125,-52962.054688,-44146.058594,-51257.824219,-0.064000,-0.956000,0.220000,192.000000,0.000000,0.000000,0.000000,0.000000,0.000000,0.000000,0.000000,0.000000,0.000000,1629480555.440459
170.000000,-46714.382813,-43716.253906,-43100.062500,-52972.492188,-44742.468750,-52987.066406,-44148.089844,-51243.027344,-0.064000,-0.956000,0.220000,192.000000,0.000000,0.000000,0.000000,0.000000,0.000000,0.000000,0.000000,0.000000,0.000000,1629480555.445444
171.000000,-46668.808594,-43670.523438,-43063.898438,-52959.281250,-44722.867188,-53019.542969,-44139.082031,-51230.152344,-0.064000,-0.956000,0.220000,192.000000,0.000000,0.000000,0.000000,0.000000,0.000000,0.000000,0.000000,0.000000,0.000000,1629480555.449459
172.000000,-46680.921875,-43682.394531,-43073.800781,-52957.808594,-44715.980469,-53014.113281,-44129.917969,-51239.382813,-0.064000,-0.956000,0.220000,192.000000,0.000000,0.000000,0.000000,0.000000,0.000000,0.000000,0.000000,0.000000,0.000000,1629480555.452455
173.000000,-46736.109375,-43736.953125,-43117.585938,-52971.777344,-44732.523438,-52979.601563,-44136.757813,-51258.894531,-0.064000,-0.956000,0.224000,192.000000,254.000000,0.000000,226.000000,32.000000,7.000000,0.000000,0.000000,0.000000,0.000000,1629480555.456445
174.000000,-46753.902344,-43755.550781,-43131.734375,-52979.332031,-44747.675781,-52961.046875,-44150.304688,-51261.355469,-0.064000,-0.956000,0.224000,192.000000,0.000000,0.000000,0.000000,0.000000,0.000000,0.000000,0.000000,0.000000,0.000000,1629480555.460451
175.000000,-46712.910156,-43716.187500,-43100.398438,-52971.644531,-44742.445313,-52986.105469,-44155.667969,-51246.042969,-0.064000,-0.956000,0.224000,192.000000,0.000000,0.000000,0.000000,0.000000,0.000000,0.000000,0.000000,0.000000,0.000000,1629480555.464541
176.000000,-46667.246094,-43671.058594,-43065.371094,-52959.753906,-44724.968750,-53021.085938,-44149.097656,-51233.636719,-0.064000,-0.956000,0.224000,192.000000,0.000000,0.000000,0.000000,0.000000,0.000000,0.000000,0.000000,0.000000,0.000000,1629480555.468534
177.000000,-46680.765625,-43683.511719,-43077.039063,-52961.136719,-44721.347656,-53017.015625,-44144.046875,-51244.500000,-0.064000,-0.956000,0.224000,192.000000,0.000000,0.000000,0.000000,0.000000,0.000000,0.000000,0.000000,0.000000,0.000000,1629480555.473545
178.000000,-46736.199219,-43737.265625,-43120.625000,-52975.175781,-44738.601563,-52983.445313,-44151.109375,-51264.058594,-0.064000,-0.956000,0.224000,192.000000,0.000000,0.000000,0.000000,0.000000,0.000000,0.000000,0.000000,0.000000,0.000000,1629480555.477547
179.000000,-46756.628906,-43758.253906,-43137.257813,-52983.800781,-44755.925781,-52967.062500,-44163.222656,-51269.625000,-0.064000,-0.956000,0.224000,192.000000,0.000000,0.000000,0.000000,0.000000,0.000000,0.000000,0.000000,0.000000,0.000000,1629480555.480552
180.000000,-46716.015625,-43718.914063,-43107.394531,-52977.789063,-44752.796875,-52991.355469,-44167.179688,-51255.878906,-0.064000,-0.956000,0.224000,192.000000,0.000000,0.000000,0.000000,0.000000,0.000000,0.000000,0.000000,0.000000,0.000000,1629480555.484541
181.000000,-46668.562500,-43672.042969,-43070.199219,-52965.718750,-44733.929688,-53026.406250,-44157.792969,-51240.613281,-0.064000,-0.956000,0.224000,192.000000,0.000000,0.000000,0.000000,0.000000,0.000000,0.000000,0.000000,0.000000,0.000000,1629480555.488537
182.000000,-46680.765625,-43684.113281,-43078.695313,-52964.667969,-44726.152344,-53022.718750,-44147.687500,-51246.757813,-0.064000,-0.956000,0.224000,192.000000,0.000000,0.000000,0.000000,0.000000,0.000000,0.000000,0.000000,0.000000,0.000000,1629480555.492538
183.000000,-46735.507813,-43737.824219,-43120.359375,-52977.523438,-44740.031250,-52986.128906,-44149.476563,-51265.847656,-0.062000,-0.952000,0.222000,192.000000,254.000000,16.000000,226.000000,64.000000,6.000000,240.000000,0.000000,0.000000,0.000000,1629480555.496536
184.000000,-46756.046875,-43758.007813,-43136.875000,-52984.988281,-44754.515625,-52967.039063,-44159.937500,-51270.945313,-0.062000,-0.952000,0.222000,192.000000,0.000000,0.000000,0.000000,0.000000,0.000000,0.000000,0.000000,0.000000,0.000000,1629480555.501541
185.000000,-46716.015625,-43717.976563,-43105.472656,-52975.531250,-44748.792969,-52989.300781,-44162.710938,-51253.152344,-0.062000,-0.952000,0.222000,192.000000,0.000000,0.000000,0.000000,0.000000,0.000000,0.000000,0.000000,0.000000,0.000000,1629480555.505543
186.000000,-46671.914063,-43674.011719,-43071.003906,-52963.039063,-44733.015625,-53023.121094,-44154.351563,-51238.242188,-0.062000,-0.952000,0.222000,192.000000,0.000000,0.000000,0.000000,0.000000,0.000000,0.000000,0.000000,0.000000,0.000000,1629480555.508554
187.000000,-46683.785156,-43685.632813,-43079.433594,-52962.500000,-44726.218750,-53020.480469,-44142.281250,-51243.539063,-0.062000,-0.952000,0.222000,192.000000,0.000000,0.000000,0.000000,0.000000,0.000000,0.000000,0.000000,0.000000,0.000000,1629480555.512542
188.000000,-46734.523438,-43736.238281,-43118.503906,-52972.449219,-44737.304688,-52983.222656,-44143.507813,-51258.515625,-0.062000,-0.952000,0.222000,192.000000,0.000000,0.000000,0.000000,0.000000,0.000000,0.000000,0.000000,0.000000,0.000000,1629480555.516550
189.000000,-46755.535156,-43756.289063,-43134.261719,-52979.535156,-44750.402344,-52962.410156,-44153.859375,-51262.250000,-0.062000,-0.952000,0.222000,192.000000,0.000000,0.000000,0.000000,0.000000,0.000000,0.000000,0.000000,0.000000,0.000000,1629480555.520538
190.000000,-46715.972656,-43717.148438,-43103.503906,-52972.558594,-44746.289063,-52985.859375,-44157.835938,-51246.960938,-0.062000,-0.952000,0.222000,192.000000,0.000000,0.000000,0.000000,0.000000,0.000000,0.000000,0.000000,0.000000,0.000000,1629480555.524543
191.000000,-46670.507813,-43672.937500,-43070.000000,-52962.433594,-44730.687500,-53023.855469,-44149.589844,-51235.382813,-0.062000,-0.952000,0.222000,192.000000,0.000000,0.000000,0.000000,0.000000,0.000000,0.000000,0.000000,0.000000,0.000000,1629480555.528565
192.000000,-46679.761719,-43681.566406,-43076.636719,-52959.976563,-44722.507813,-53019.453125,-44137.273438,-51236.656250,-0.062000,-0.952000,0.222000,192.000000,0.000000,0.000000,0.000000,0.000000,0.000000,0.000000,0.000000,0.000000,0.000000,1629480555.533566
193.000000,-46731.707031,-43731.769531,-43115.195313,-52968.335938,-44733.082031,-52981.097656,-44136.378906,-51247.472656,-0.062000,-0.948000,0.218000,192.000000,254.000000,16.000000,226.000000,96.000000,6.000000,208.000000,0.000000,0.000000,0.000000,1629480555.536573
194.000000,-46757.566406,-43756.980469,-43136.050781,-52979.800781,-44750.785156,-52963.617188,-44147.308594,-51255.164063,-0.062000,-0.948000,0.218000,192.000000,0.000000,0.000000,0.000000,0.000000,0.000000,0.000000,0.000000,0.000000,0.000000,1629480555.540585
195.000000,-46720.531250,-43720.390625,-43107.394531,-52975.464844,-44749.062500,-52987.960938,-44152.718750,-51243.406250,-0.062000,-0.948000,0.218000,192.000000,0.000000,0.000000,0.000000,0.000000,0.000000,0.000000,0.000000,0.000000,0.000000,1629480555.544564
196.000000,-46671.246094,-43672.511719,-43067.875000,-52961.851563,-44728.699219,-53020.480469,-44141.363281,-51228.339844,-0.062000,-0.948000,0.218000,192.000000,0.000000,0.000000,0.000000,0.000000,0.000000,0.000000,0.000000,0.000000,0.000000,1629480555.548592
197.000000,-46678.644531,-43680.539063,-43072.121094,-52959.527344,-44718.867188,-53017.015625,-44130.859375,-51234.285156,-0.062000,-0.948000,0.218000,192.000000,0.000000,0.000000,0.000000,0.000000,0.000000,0.000000,0.000000,0.000000,0.000000,1629480555.552588
198.000000,-46733.496094,-43734.003906,-43113.519531,-52972.222656,-44730.980469,-52982.550781,-44135.238281,-51254.023438,-0.062000,-0.948000,0.218000,192.000000,0.000000,0.000000,0.000000,0.000000,0.000000,0.000000,0.000000,0.000000,0.000000,1629480555.557607
199.000000,-46760.898438,-43760.398438,-43135.757813,-52982.484375,-44749.062500,-52963.261719,-44148.136719,-51261.980469,-0.062000,-0.948000,0.218000,192.000000,0.000000,0.000000,0.000000,0.000000,0.000000,0.000000,0.000000,0.000000,0.000000,1629480555.560597
200.000000,-46722.722656,-43722.691406,-43105.828125,-52973.988281,-44743.742188,-52984.695313,-44150.906250,-51247.789063,-0.062000,-0.948000,0.218000,192.000000,0.000000,0.000000,0.000000,0.000000,0.000000,0.000000,0.000000,0.000000,0.000000,1629480555.564593
201.000000,-46672.250000,-43673.316406,-43065.773438,-52959.550781,-44724.230469,-53017.933594,-44143.039063,-51231.828125,-0.062000,-0.948000,0.218000,192.000000,0.000000,0.000000,0.000000,0.000000,0.000000,0.000000,0.000000,0.000000,0.000000,1629480555.568611
202.000000,-46679.582031,-43681.027344,-43071.230469,-52959.015625,-44716.742188,-53017.195313,-44135.058594,-51236.722656,-0.062000,-0.948000,0.218000,192.000000,0.000000,0.000000,0.000000,0.000000,0.000000,0.000000,0.000000,0.000000,0.000000,1629480555.572617
203.000000,-46732.691406,-43733.847656,-43113.136719,-52971.597656,-44730.554688,-52984.519531,-44138.726563,-51255.656250,-0.066000,-0.952000,0.218000,192.000000,253.000000,240.000000,226.000000,64.000000,6.000000,208.000000,0.000000,0.000000,0.000000,1629480555.576614
204.000000,-46756.695313,-43756.980469,-43133.144531,-52979.398438,-44745.843750,-52962.253906,-44150.996094,-51260.125000,-0.066000,-0.952000,0.218000,192.000000,0.000000,0.000000,0.000000,0.000000,0.000000,0.000000,0.000000,0.000000,0.000000,1629480555.580630
205.000000,-46723.390625,-43723.675781,-43108.109375,-52975.867188,-44745.195313,-52986.285156,-44158.617188,-51249.398438,-0.066000,-0.952000,0.218000,192.000000,0.000000,0.000000,0.000000,0.000000,0.000000,0.000000,0.000000,0.000000,0.000000,1629480555.585620
206.000000,-46672.117188,-43673.765625,-43068.234375,-52961.519531,-44726.531250,-53022.000000,-44150.082031,-51233.234375,-0.066000,-0.952000,0.218000,192.000000,0.000000,0.000000,0.000000,0.000000,0.000000,0.000000,0.000000,0.000000,0.000000,1629480555.588642
207.000000,-46676.609375,-43678.703125,-43072.078125,-52960.980469,-44720.027344,-53022.761719,-44140.917969,-51239.292969,-0.066000,-0.952000,0.218000,192.000000,0.000000,0.000000,0.000000,0.000000,0.000000,0.000000,0.000000,0.000000,0.000000,1629480555.591655
208.000000,-46730.296875,-43732.414063,-43115.105469,-52976.113281,-44734.847656,-52991.691406,-44147.734375,-51261.535156,-0.066000,-0.952000,0.218000,192.000000,0.000000,0.000000,0.000000,0.000000,0.000000,0.000000,0.000000,0.000000,0.000000,1629480555.596646
209.000000,-46755.710938,-43757.941406,-43135.648438,-52984.785156,-44751.320313,-52970.503906,-44161.210938,-51268.039063,-0.066000,-0.952000,0.218000,192.000000,0.000000,0.000000,0.000000,0.000000,0.000000,0.000000,0.000000,0.000000,0.000000,1629480555.600677
210.000000,-46720.261719,-43722.156250,-43108.601563,-52978.707031,-44748.882813,-52991.199219,-44166.351563,-51255.164063,-0.066000,-0.952000,0.218000,192.000000,0.000000,0.000000,0.000000,0.000000,0.000000,0.000000,0.000000,0.000000,0.000000,1629480555.604662
211.000000,-46671.109375,-43672.312500,-43069.664063,-52965.562500,-44731.113281,-53025.488281,-44156.519531,-51240.878906,-0.066000,-0.952000,0.218000,192.000000,0.000000,0.000000,0.000000,0.000000,0.000000,0.000000,0.000000,0.000000,0.000000,1629480555.608673
212.000000,-46674.218750,-43675.171875,-43071.386719,-52961.093750,-44721.839844,-53025.355469,-44145.542969,-51242.156250,-0.066000,-0.952000,0.218000,192.000000,0.000000,0.000000,0.000000,0.000000,0.000000,0.000000,0.000000,0.000000,0.000000,1629480555.612664
213.000000,-46726.609375,-43727.386719,-43112.667969,-52973.140625,-44733.839844,-52991.492188,-44147.175781,-51259.746094,-0.066000,-0.956000,0.218000,192.000000,253.000000,240.000000,226.000000,32.000000,6.000000,208.000000,0.000000,0.000000,0.000000,1629480555.616680
214.000000,-46756.628906,-43756.199219,-43137.457031,-52985.078125,-44751.363281,-52969.363281,-44161.187500,-51267.500000,-0.066000,-0.956000,0.218000,192.000000,0.000000,0.000000,0.000000,0.000000,0.000000,0.000000,0.000000,0.000000,0.000000,1629480555.619675
215.000000,-46723.324219,-43723.164063,-43109.585938,-52978.414063,-44748.546875,-52988.832031,-44165.949219,-51252.660156,-0.066000,-0.956000,0.218000,192.000000,0.000000,0.000000,0.000000,0.000000,0.000000,0.000000,0.000000,0.000000,0.000000,1629480555.624711
216.000000,-46673.660156,-43673.855469,-43070.000000,-52964.000000,-44730.355469,-53023.632813,-44155.332031,-51236.992188,-0.066000,-0.956000,0.218000,192.000000,0.000000,0.000000,0.000000,0.000000,0.000000,0.000000,0.000000,0.000000,0.000000,1629480555.628712
217.000000,-46680.410156,-43679.800781,-43076.414063,-52963.820313,-44724.007813,-53027.703125,-44148.000000,-51242.558594,-0.066000,-0.956000,0.218000,192.000000,0.000000,0.000000,0.000000,0.000000,0.000000,0.000000,0.000000,0.000000,0.000000,1629480555.632688
218.000000,-46731.707031,-43730.875000,-43116.335938,-52975.757813,-44735.605469,-52993.792969,-44150.660156,-51259.746094,-0.066000,-0.956000,0.218000,192.000000,0.000000,0.000000,0.000000,0.000000,0.000000,0.000000,0.000000,0.000000,0.000000,1629480555.636696
219.000000,-46758.574219,-43757.226563,-43136.875000,-52983.156250,-44748.773438,-52967.910156,-44159.714844,-51264.773438,-0.066000,-0.956000,0.218000,192.000000,0.000000,0.000000,0.000000,0.000000,0.000000,0.000000,0.000000,0.000000,0.000000,1629480555.640719
220.000000,-46726.074219,-43725.332031,-43111.617188,-52978.082031,-44747.007813,-52988.542969,-44163.625000,-51251.652344,-0.066000,-0.956000,0.218000,192.000000,0.000000,0.000000,0.000000,0.000000,0.000000,0.000000,0.000000,0.000000,0.000000,1629480555.643733
221.000000,-46677.101563,-43677.250000,-43072.972656,-52966.660156,-44731.136719,-53025.734375,-44156.921875,-51237.214844,-0.066000,-0.956000,0.218000,192.000000,0.000000,0.000000,0.000000,0.000000,0.000000,0.000000,0.000000,0.000000,0.000000,1629480555.647715
222.000000,-46676.273438,-43676.042969,-43071.453125,-52961.316406,-44717.367188,-53024.730469,-44143.753906,-51239.515625,-0.066000,-0.956000,0.218000,192.000000,0.000000,0.000000,0.000000,0.000000,0.000000,0.000000,0.000000,0.000000,0.000000,1629480555.651720
223.000000,-46727.503906,-43727.410156,-43113.429688,-52973.027344,-44728.609375,-52991.089844,-44146.792969,-51258.964844,-0.062000,-0.952000,0.216000,192.000000,254.000000,16.000000,226.000000,64.000000,6.000000,192.000000,0.000000,0.000000,0.000000,1629480555.656752
224.000000,-46756.964844,-43756.242188,-43136.453125,-52982.058594,-44747.183594,-52965.339844,-44156.316406,-51262.828125,-0.062000,-0.952000,0.216000,192.000000,0.000000,0.000000,0.000000,0.000000,0.000000,0.000000,0.000000,0.000000,0.000000,1629480555.660762
225.000000,-46724.175781,-43722.781250,-43109.832031,-52975.621094,-44744.906250,-52982.171875,-44157.457031,-51246.421875,-0.062000,-0.952000,0.216000,192.000000,0.000000,0.000000,0.000000,0.000000,0.000000,0.000000,0.000000,0.000000,0.000000,1629480555.664756
226.000000,-46674.820313,-43673.789063,-43070.023438,-52962.968750,-44726.488281,-53019.386719,-44148.917969,-51231.402344,-0.062000,-0.952000,0.216000,192.000000,0.000000,0.000000,0.000000,0.000000,0.000000,0.000000,0.000000,0.000000,0.000000,1629480555.667745
227.000000,-46675.292969,-43674.414063,-43070.492188,-52960.625000,-44715.468750,-53021.667969,-44136.781250,-51234.398438,-0.062000,-0.952000,0.216000,192.000000,0.000000,0.000000,0.000000,0.000000,0.000000,0.000000,0.000000,0.000000,0.000000,1629480555.671750
228.000000,-46725.714844,-43724.437500,-43110.277344,-52971.105469,-44726.265625,-52987.289063,-44137.742188,-51250.605469,-0.062000,-0.952000,0.216000,192.000000,0.000000,0.000000,0.000000,0.000000,0.000000,0.000000,0.000000,0.000000,0.000000,1629480555.676770
229.000000,-46756.941406,-43755.683594,-43134.730469,-52981.253906,-44743.183594,-52964.960938,-44149.679688,-51261.062500,-0.062000,-0.952000,0.216000,192.000000,0.000000,0.000000,0.000000,0.000000,0.000000,0.000000,0.000000,0.000000,0.000000,1629480555.679790
230.000000,-46726.566406,-43725.867188,-43112.246094,-52979.199219,-44745.328125,-52987.109375,-44158.128906,-51253.597656,-0.062000,-0.952000,0.216000,192.000000,0.000000,0.000000,0.000000,0.000000,0.000000,0.000000,0.000000,0.000000,0.000000,1629480555.683773
231.000000,-46674.375000,-43674.925781,-43072.054688,-52966.210938,-44727.785156,-53023.097656,-44152.160156,-51238.289063,-0.062000,-0.952000,0.216000,192.000000,0.000000,0.000000,0.000000,0.000000,0.000000,0.000000,0.000000,0.000000,0.000000,1629480555.687793
232.000000,-46672.855469,-43673.765625,-43070.558594,-52961.472656,-44715.691406,-53024.304688,-44141.230469,-51238.378906,-0.062000,-0.952000,0.212000,192.000000,254.000000,16.000000,226.000000,64.000000,6.000000,160.000000,0.000000,0.000000,0.000000,1629480555.691788
233.000000,-46723.972656,-43724.660156,-43110.902344,-52973.050781,-44727.492188,-52992.339844,-44144.113281,-51255.542969,-0.062000,-0.952000,0.212000,192.000000,0.000000,0.000000,0.000000,0.000000,0.000000,0.000000,0.000000,0.000000,0.000000,1629480555.696799
234.000000,-46757.769531,-43757.984375,-43139.132813,-52985.343750,-44748.660156,-52970.300781,-44160.140625,-51266.562500,-0.062000,-0.952000,0.212000,192.000000,0.000000,0.000000,0.000000,0.000000,0.000000,0.000000,0.000000,0.000000,0.000000,1629480555.700799
235.000000,-46728.308594,-43728.257813,-43116.828125,-52980.917969,-44750.046875,-52988.628906,-44165.457031,-51253.464844,-0.062000,-0.952000,0.212000,192.000000,0.000000,0.000000,0.000000,0.000000,0.000000,0.000000,0.000000,0.000000,0.000000,1629480555.704801
236.000000,-46677.058594,-43678.167969,-43076.503906,-52967.640625,-44734.332031,-53025.199219,-44158.460938,-51238.289063,-0.062000,-0.952000,0.212000,192.000000,0.000000,0.000000,0.000000,0.000000,0.000000,0.000000,0.000000,0.000000,0.000000,1629480555.707805
237.000000,-46673.750000,-43676.804688,-43073.644531,-52964.289063,-44723.917969,-53030.117188,-44149.031250,-51241.125000,-0.062000,-0.952000,0.212000,192.000000,0.000000,0.000000,0.000000,0.000000,0.000000,0.000000,0.000000,0.000000,0.000000,1629480555.711825
238.000000,-46725.402344,-43728.101563,-43113.316406,-52977.363281,-44735.628906,-52997.816406,-44151.511719,-51260.550781,-0.062000,-0.952000,0.212000,192.000000,0.000000,0.000000,0.000000,0.000000,0.000000,0.000000,0.000000,0.000000,0.000000,1629480555.715833
239.000000,-46758.664063,-43760.847656,-43139.781250,-52987.468750,-44754.203125,-52972.468750,-44162.621094,-51269.109375,-0.062000,-0.952000,0.212000,192.000000,0.000000,0.000000,0.000000,0.000000,0.000000,0.000000,0.000000,0.000000,0.000000,1629480555.719833
240.000000,-46728.644531,-43731.367188,-43117.789063,-52983.199219,-44752.593750,-52988.652344,-44167.605469,-51256.593750,-0.062000,-0.952000,0.212000,192.000000,0.000000,0.000000,0.000000,0.000000,0.000000,0.000000,0.000000,0.000000,0.000000,1629480555.724834
241.000000,-46676.519531,-43679.195313,-43076.882813,-52968.492188,-44732.433594,-53025.308594,-44159.714844,-51239.406250,-0.062000,-0.952000,0.212000,192.000000,0.000000,0.000000,0.000000,0.000000,0.000000,0.000000,0.000000,0.000000,0.000000,1629480555.728848
242.000000,-46675.113281,-43677.050781,-43074.515625,-52963.238281,-44721.414063,-53030.472656,-44149.140625,-51240.097656,-0.066000,-0.954000,0.218000,192.000000,253.000000,240.000000,226.000000,48.000000,6.000000,208.000000,0.000000,0.000000,0.000000,1629480555.732850
243.000000,-46723.636719,-43726.625000,-43112.445313,-52974.148438,-44732.187500,-52995.851563,-44149.523438,-51256.414063,-0.066000,-0.954000,0.218000,192.000000,0.000000,0.000000,0.000000,0.000000,0.000000,0.000000,0.000000,0.000000,0.000000,1629480555.735851
244.000000,-46755.710938,-43759.929688,-43138.304688,-52985.078125,-44748.996094,-52969.250000,-44160.160156,-51264.550781,-0.066000,-0.954000,0.218000,192.000000,0.000000,0.000000,0.000000,0.000000,0.000000,0.000000,0.000000,0.000000,0.000000,1629480555.739846
245.000000,-46729.582031,-43733.667969,-43117.765625,-52981.656250,-44750.628906,-52985.277344,-44168.074219,-51254.359375,-0.066000,-0.954000,0.218000,192.000000,0.000000,0.000000,0.000000,0.000000,0.000000,0.000000,0.000000,0.000000,0.000000,1629480555.743856
246.000000,-46676.812500,-43680.828125,-43075.007813,-52966.300781,-44730.980469,-53018.804688,-44158.171875,-51235.761719,-0.066000,-0.954000,0.218000,192.000000,0.000000,0.000000,0.000000,0.000000,0.000000,0.000000,0.000000,0.000000,0.000000,1629480555.747882
247.000000,-46671.355469,-43676.515625,-43070.000000,-52961.539063,-44718.105469,-53025.535156,-44145.585938,-51236.343750,-0.066000,-0.954000,0.218000,192.000000,0.000000,0.000000,0.000000,0.000000,0.000000,0.000000,0.000000,0.000000,0.000000,1629480555.751901
248.000000,-46719.210938,-43724.371094,-43106.769531,-52971.777344,-44726.644531,-52993.660156,-44143.710938,-51252.347656,-0.066000,-0.954000,0.218000,192.000000,0.000000,0.000000,0.000000,0.000000,0.000000,0.000000,0.000000,0.000000,0.000000,1629480555.756876
249.000000,-46752.738281,-43757.003906,-43133.144531,-52982.148438,-44742.871094,-52965.945313,-44150.796875,-51259.812500,-0.066000,-0.954000,0.218000,192.000000,0.000000,0.000000,0.000000,0.000000,0.000000,0.000000,0.000000,0.000000,0.000000,1629480555.760889
250.000000,-46727.304688,-43731.007813,-43112.824219,-52979.355469,-44744.703125,-52982.437500,-44156.808594,-51248.234375,-0.066000,-0.954000,0.218000,192.000000,0.000000,0.000000,0.000000,0.000000,0.000000,0.000000,0.000000,0.000000,0.000000,1629480555.763874
251.000000,-46674.753906,-43678.972656,-43071.562500,-52965.140625,-44726.597656,-53020.058594,-44149.476563,-51232.140625,-0.066000,-0.954000,0.218000,192.000000,0.000000,0.000000,0.000000,0.000000,0.000000,0.000000,0.000000,0.000000,0.000000,1629480555.767896
252.000000,-46668.406250,-43673.765625,-43067.207031,-52960.488281,-44716.093750,-53027.542969,-44138.792969,-51236.746094,-0.068000,-0.954000,0.216000,192.000000,253.000000,224.000000,226.000000,48.000000,6.000000,192.000000,0.000000,0.000000,0.000000,1629480555.771912
253.000000,-46717.289063,-43721.843750,-43106.386719,-52971.152344,-44727.605469,-52997.593750,-44140.156250,-51256.167969,-0.068000,-0.954000,0.216000,192.000000,0.000000,0.000000,0.000000,0.000000,0.000000,0.000000,0.000000,0.000000,0.000000,1629480555.775901
254.000000,-46751.734375,-43755.816406,-43132.695313,-52980.316406,-44743.875000,-52967.976563,-44148.179688,-51261.644531,-0.068000,-0.954000,0.216000,192.000000,0.000000,0.000000,0.000000,0.000000,0.000000,0.000000,0.000000,0.000000,0.000000,1629480555.779914
255.000000,-46725.515625,-43729.867188,-43112.914063,-52977.363281,-44747.093750,-52982.281250,-44154.484375,-51250.515625,-0.068000,-0.954000,0.216000,192.000000,0.000000,0.000000,0.000000,0.000000,0.000000,0.000000,0.000000,0.000000,0.000000,1629480555.784936
0.000000,-46672.878906,-43678.972656,-43071.562500,-52963.796875,-44729.281250,-53017.933594,-44147.957031,-51234.375000,-0.068000,-0.954000,0.216000,192.000000,0.000000,0.000000,0.000000,0.000000,0.000000,0.000000,0.000000,0.000000,0.000000,1629480555.787936
1.000000,-46664.496094,-43671.105469,-43064.859375,-52958.992188,-44714.640625,-53024.730469,-44136.222656,-51233.281250,-0.068000,-0.954000,0.216000,192.000000,0.000000,0.000000,0.000000,0.000000,0.000000,0.000000,0.000000,0.000000,0.000000,1629480555.791929
2.000000,-46711.253906,-43717.886719,-43101.785156,-52968.761719,-44721.636719,-52993.996094,-44137.855469,-51251.519531,-0.068000,-0.954000,0.216000,192.000000,0.000000,0.000000,0.000000,0.000000,0.000000,0.000000,0.000000,0.000000,0.000000,1629480555.795928
3.000000,-46745.496094,-43753.136719,-43129.722656,-52979.132813,-44738.757813,-52964.558594,-44150.394531,-51261.957031,-0.068000,-0.954000,0.216000,192.000000,0.000000,0.000000,0.000000,0.000000,0.000000,0.000000,0.000000,0.000000,0.000000,1629480555.799922
4.000000,-46723.011719,-43730.738281,-43112.042969,-52978.148438,-44745.082031,-52980.113281,-44159.757813,-51253.441406,-0.068000,-0.954000,0.216000,192.000000,0.000000,0.000000,0.000000,0.000000,0.000000,0.000000,0.000000,0.000000,0.000000,1629480555.803949
5.000000,-46671.601563,-43678.437500,-43070.511719,-52965.453125,-44729.167969,-53017.308594,-44155.757813,-51237.171875,-0.068000,-0.954000,0.216000,192.000000,0.000000,0.000000,0.000000,0.000000,0.000000,0.000000,0.000000,0.000000,0.000000,1629480555.807970
6.000000,-46666.730469,-43673.207031,-43068.234375,-52961.605469,-44719.984375,-53028.773438,-44147.757813,-51239.339844,-0.066000,-0.956000,0.214000,192.000000,253.000000,240.000000,226.000000,32.000000,6.000000,176.000000,0.000000,0.000000,0.000000,1629480555.812965
7.000000,-46713.980469,-43719.429688,-43106.253906,-52971.218750,-44729.347656,-52996.789063,-44146.750000,-51255.542969,-0.066000,-0.956000,0.214000,192.000000,0.000000,0.000000,0.000000,0.000000,0.000000,0.000000,0.000000,0.000000,0.000000,1629480555.815961
8.000000,-46749.453125,-43755.191406,-43134.820313,-52981.164063,-44746.046875,-52965.898438,-44155.109375,-51265.109375,-0.066000,-0.956000,0.214000,192.000000,0.000000,0.000000,0.000000,0.000000,0.000000,0.000000,0.000000,0.000000,0.000000,1629480555.819952
9.000000,-46724.578125,-43730.785156,-43115.953125,-52976.917969,-44748.863281,-52978.214844,-44160.562500,-51252.906250,-0.066000,-0.956000,0.214000,192.000000,0.000000,0.000000,0.000000,0.000000,0.000000,0.000000,0.000000,0.000000,0.000000,1629480555.824046
10.000000,-46674.328125,-43681.097656,-43077.644531,-52966.078125,-44735.964844,-53017.261719,-44157.121094,-51237.660156,-0.066000,-0.956000,0.214000,192.000000,0.000000,0.000000,0.000000,0.000000,0.000000,0.000000,0.000000,0.000000,0.000000,1629480555.827975
11.000000,-46662.171875,-43669.363281,-43067.699219,-52958.722656,-44718.621094,-53024.058594,-44145.566406,-51235.449219,-0.066000,-0.956000,0.214000,192.000000,0.000000,0.000000,0.000000,0.000000,0.000000,0.000000,0.000000,0.000000,0.000000,1629480555.831994
12.000000,-46709.578125,-43717.128906,-43105.292969,-52967.933594,-44726.753906,-52993.300781,-44145.945313,-51252.949219,-0.066000,-0.956000,0.214000,192.000000,0.000000,0.000000,0.000000,0.000000,0.000000,0.000000,0.000000,0.000000,0.000000,1629480555.835979
13.000000,-46749.253906,-43756.691406,-43137.121094,-52980.269531,-44746.714844,-52965.964844,-44158.351563,-51264.058594,-0.066000,-0.956000,0.214000,192.000000,0.000000,0.000000,0.000000,0.000000,0.000000,0.000000,0.000000,0.000000,0.000000,1629480555.841012
14.000000,-46726.187500,-43733.464844,-43120.648438,-52979.890625,-44750.335938,-52979.867188,-44165.636719,-51256.660156,-0.066000,-0.956000,0.214000,192.000000,0.000000,0.000000,0.000000,0.000000,0.000000,0.000000,0.000000,0.000000,0.000000,1629480555.844011
15.000000,-46674.328125,-43682.414063,-43079.296875,-52967.687500,-44734.332031,-53017.488281,-44158.617188,-51238.914063,-0.066000,-0.956000,0.214000,192.000000,0.000000,0.000000,0.000000,0.000000,0.000000,0.000000,0.000000,0.000000,0.000000,1629480555.848011
16.000000,-46665.679688,-43673.652344,-43071.832031,-52962.121094,-44722.398438,-53027.812500,-44147.375000,-51237.863281,-0.058000,-0.962000,0.222000,192.000000,254.000000,48.000000,225.000000,240.000000,6.000000,240.000000,0.000000,0.000000,0.000000,1629480555.852009
17.000000,-46713.781250,-43722.402344,-43111.195313,-52973.921875,-44733.796875,-53000.835938,-44148.738281,-51257.218750,-0.058000,-0.962000,0.222000,192.000000,0.000000,0.000000,0.000000,0.000000,0.000000,0.000000,0.000000,0.000000,0.000000,1629480555.856003
18.000000,-46752.738281,-43761.742188,-43143.246094,-52987.289063,-44753.308594,-52975.085938,-44158.707031,-51268.933594,-0.058000,-0.962000,0.222000,192.000000,0.000000,0.000000,0.000000,0.000000,0.000000,0.000000,0.000000,0.000000,0.000000,1629480555.860037
19.000000,-46728.062500,-43737.355469,-43123.308594,-52982.437500,-44753.824219,-52985.164063,-44163.601563,-51256.460938,-0.058000,-0.962000,0.222000,192.000000,0.000000,0.000000,0.000000,0.000000,0.000000,0.000000,0.000000,0.000000,0.000000,1629480555.864028
20.000000,-46676.453125,-43687.019531,-43083.054688,-52971.441406,-44741.062500,-53022.335938,-44159.980469,-51241.773438,-0.058000,-0.962000,0.222000,192.000000,0.000000,0.000000,0.000000,0.000000,0.000000,0.000000,0.000000,0.000000,0.000000,1629480555.868049
21.000000,-46668.226563,-43679.152344,-43074.894531,-52967.328125,-44729.437500,-53032.394531,-44148.851563,-51242.000000,-0.058000,-0.962000,0.222000,192.000000,0.000000,0.000000,0.000000,0.000000,0.000000,0.000000,0.000000,0.000000,0.000000,1629480555.871067
22.000000,-46713.558594,-43724.593750,-43109.832031,-52976.113281,-44735.027344,-53001.527344,-44146.839844,-51258.382813,-0.058000,-0.962000,0.222000,192.000000,0.000000,0.000000,0.000000,0.000000,0.000000,0.000000,0.000000,0.000000,0.000000,1629480555.875040
23.000000,-46749.609375,-43759.640625,-43137.234375,-52984.273438,-44750.449219,-52969.386719,-44154.281250,-51266.539063,-0.058000,-0.962000,0.222000,192.000000,0.000000,0.000000,0.000000,0.000000,0.000000,0.000000,0.000000,0.000000,0.000000,1629480555.880059
24.000000,-46725.515625,-43735.476563,-43117.230469,-52979.757813,-44751.097656,-52977.453125,-44158.148438,-51255.410156,-0.058000,-0.962000,0.222000,192.000000,0.000000,0.000000,0.000000,0.000000,0.000000,0.000000,0.000000,0.000000,0.000000,1629480555.884069
25.000000,-46670.933594,-43683.285156,-43075.339844,-52968.937500,-44735.988281,-53016.281250,-44152.316406,-51242.378906,-0.062000,-0.954000,0.222000,192.000000,254.000000,16.000000,226.000000,48.000000,6.000000,240.000000,0.000000,0.000000,0.000000,1629480555.888060
26.000000,-46657.343750,-43669.785156,-43063.496094,-52962.546875,-44722.507813,-53027.992188,-44139.574219,-51242.066406,-0.062000,-0.954000,0.222000,192.000000,0.000000,0.000000,0.000000,0.000000,0.000000,0.000000,0.000000,0.000000,0.000000,1629480555.892056
27.000000,-46703.050781,-43715.226563,-43098.273438,-52970.929688,-44729.191406,-52999.382813,-44137.472656,-51258.089844,-0.062000,-0.954000,0.222000,192.000000,0.000000,0.000000,0.000000,0.000000,0.000000,0.000000,0.000000,0.000000,0.000000,1629480555.896097
28.000000,-46744.023438,-43755.394531,-43132.382813,-52984.046875,-44750.226563,-52970.906250,-44149.433594,-51271.906250,-0.062000,-0.954000,0.222000,192.000000,0.000000,0.000000,0.000000,0.000000,0.000000,0.000000,0.000000,0.000000,0.000000,1629480555.899087
29.000000,-46723.750000,-43734.742188,-43117.316406,-52984.339844,-44755.992188,-52981.992188,-44159.648438,-51264.437500,-0.062000,-0.954000,0.222000,192.000000,0.000000,0.000000,0.000000,0.000000,0.000000,0.000000,0.000000,0.000000,0.000000,1629480555.904094
30.000000,-46669.925781,-43681.429688,-43075.500000,-52972.539063,-44741.171875,-53018.203125,-44155.824219,-51247.765625,-0.062000,-0.954000,0.222000,192.000000,0.000000,0.000000,0.000000,0.000000,0.000000,0.000000,0.000000,0.000000,0.000000,1629480555.908095
31.000000,-46657.386719,-43668.980469,-43066.132813,-52965.160156,-44728.050781,-53029.535156,-44147.734375,-51245.484375,-0.062000,-0.954000,0.222000,192.000000,0.000000,0.000000,0.000000,0.000000,0.000000,0.000000,0.000000,0.000000,0.000000,1629480555.912096
32.000000,-46704.148438,-43715.941406,-43103.707031,-52973.343750,-44736.277344,-53002.109375,-44148.359375,-51261.175781,-0.062000,-0.954000,0.222000,192.000000,0.000000,0.000000,0.000000,0.000000,0.000000,0.000000,0.000000,0.000000,0.000000,1629480555.916094
33.000000,-46744.917969,-43757.671875,-43135.402344,-52984.136719,-44754.671875,-52969.945313,-44158.105469,-51271.367188,-0.062000,-0.954000,0.222000,192.000000,0.000000,0.000000,0.000000,0.000000,0.000000,0.000000,0.000000,0.000000,0.000000,1629480555.920112
34.000000,-46727.394531,-43740.171875,-43122.390625,-52984.675781,-44762.652344,-52981.320313,-44170.531250,-51263.792969,-0.062000,-0.954000,0.222000,192.000000,0.000000,0.000000,0.000000,0.000000,0.000000,0.000000,0.000000,0.000000,0.000000,1629480555.923134
35.000000,-46671.335938,-43686.460938,-43079.253906,-52970.859375,-44746.402344,-53017.308594,-44165.527344,-51245.933594,-0.064000,-0.948000,0.222000,192.000000,254.000000,0.000000,226.000000,96.000000,6.000000,240.000000,0.000000,0.000000,0.000000,1629480555.927110
36.000000,-46658.347656,-43674.210938,-43068.769531,-52963.550781,-44732.992188,-53030.539063,-44156.226563,-51243.136719,-0.064000,-0.948000,0.222000,192.000000,0.000000,0.000000,0.000000,0.000000,0.000000,0.000000,0.000000,0.000000,0.000000,1629480555.931128
37.000000,-46699.566406,-43714.265625,-43100.128906,-52969.117188,-44736.613281,-53001.347656,-44151.332031,-51255.945313,-0.064000,-0.948000,0.222000,192.000000,0.000000,0.000000,0.000000,0.000000,0.000000,0.000000,0.000000,0.000000,0.000000,1629480555.936116
38.000000,-46740.601563,-43754.812500,-43134.015625,-52982.328125,-44754.582031,-52969.964844,-44161.769531,-51267.433594,-0.064000,-0.948000,0.222000,192.000000,0.000000,0.000000,0.000000,0.000000,0.000000,0.000000,0.000000,0.000000,0.000000,1629480555.940176
39.000000,-46720.800781,-43736.125000,-43119.531250,-52980.695313,-44758.269531,-52977.121094,-44168.746094,-51257.441406,-0.064000,-0.948000,0.222000,192.000000,0.000000,0.000000,0.000000,0.000000,0.000000,0.000000,0.000000,0.000000,0.000000,1629480555.944147
40.000000,-46667.355469,-43683.621094,-43077.265625,-52967.218750,-44743.363281,-53013.777344,-44162.195313,-51239.515625,-0.064000,-0.948000,0.222000,192.000000,0.000000,0.000000,0.000000,0.000000,0.000000,0.000000,0.000000,0.000000,0.000000,1629480555.947146
41.000000,-46650.949219,-43668.242188,-43065.441406,-52960.691406,-44728.187500,-53028.976563,-44150.035156,-51238.378906,-0.064000,-0.948000,0.222000,192.000000,0.000000,0.000000,0.000000,0.000000,0.000000,0.000000,0.000000,0.000000,0.000000,1629480555.951152
42.000000,-46694.269531,-43712.121094,-43100.175781,-52970.101563,-44735.449219,-53002.464844,-44148.136719,-51256.683594,-0.064000,-0.948000,0.222000,192.000000,0.000000,0.000000,0.000000,0.000000,0.000000,0.000000,0.000000,0.000000,0.000000,1629480555.955175
43.000000,-46740.023438,-43756.980469,-43136.808594,-52983.398438,-44756.773438,-52971.085938,-44159.421875,-51267.902344,-0.064000,-0.948000,0.222000,192.000000,0.000000,0.000000,0.000000,0.000000,0.000000,0.000000,0.000000,0.000000,0.000000,1629480555.959167
44.000000,-46724.890625,-43741.089844,-43124.695313,-52982.507813,-44761.085938,-52979.445313,-44166.734375,-51258.382813,-0.064000,-0.948000,0.222000,192.000000,0.000000,0.000000,0.000000,0.000000,0.000000,0.000000,0.000000,0.000000,0.000000,1629480555.964159
45.000000,-46673.546875,-43689.589844,-43084.929688,-52970.324219,-44747.945313,-53018.449219,-44164.273438,-51242.734375,-0.068000,-0.948000,0.220000,192.000000,253.000000,224.000000,226.000000,96.000000,6.000000,224.000000,0.000000,0.000000,0.000000,1629480555.968167
46.000000,-46654.617188,-43670.859375,-43069.730469,-52961.964844,-44730.375000,-53031.523438,-44150.148438,-51238.554688,-0.068000,-0.948000,0.220000,192.000000,0.000000,0.000000,0.000000,0.000000,0.000000,0.000000,0.000000,0.000000,0.000000,1629480555.972198
47.000000,-46697.800781,-43713.550781,-43103.527344,-52970.996094,-44735.652344,-53004.835938,-44146.191406,-51253.734375,-0.068000,-0.948000,0.220000,192.000000,0.000000,0.000000,0.000000,0.000000,0.000000,0.000000,0.000000,0.000000,0.000000,1629480555.975203
48.000000,-46742.613281,-43758.769531,-43140.070313,-52985.589844,-44754.917969,-52973.968750,-44156.027344,-51268.015625,-0.068000,-0.948000,0.220000,192.000000,0.000000,0.000000,0.000000,0.000000,0.000000,0.000000,0.000000,0.000000,0.000000,1629480555.979189
49.000000,-46722.945313,-43740.707031,-43125.207031,-52982.281250,-44757.355469,-52977.523438,-44159.601563,-51256.437500,-0.068000,-0.948000,0.220000,192.000000,0.000000,0.000000,0.000000,0.000000,0.000000,0.000000,0.000000,0.000000,0.000000,1629480555.985197
50.000000,-46669.769531,-43688.425781,-43083.074219,-52969.742188,-44743.363281,-53015.250000,-44153.835938,-51238.535156,-0.068000,-0.948000,0.220000,192.000000,0.000000,0.000000,0.000000,0.000000,0.000000,0.000000,0.000000,0.000000,0.000000,1629480555.988186
51.000000,-46654.371094,-43672.265625,-43069.664063,-52963.417969,-44728.722656,-53031.164063,-44141.003906,-51235.160156,-0.068000,-0.948000,0.220000,192.000000,0.000000,0.000000,0.000000,0.000000,0.000000,0.000000,0.000000,0.000000,0.000000,1629480555.992210
52.000000,-46693.976563,-43712.679688,-43100.062500,-52969.585938,-44732.097656,-53002.421875,-44136.847656,-51251.675781,-0.068000,-0.948000,0.220000,192.000000,0.000000,0.000000,0.000000,0.000000,0.000000,0.000000,0.000000,0.000000,0.000000,1629480555.996219
53.000000,-46736.691406,-43755.640625,-43134.484375,-52982.730469,-44749.578125,-52969.765625,-44148.628906,-51266.675781,-0.068000,-0.948000,0.220000,192.000000,0.000000,0.000000,0.000000,0.000000,0.000000,0.000000,0.000000,0.000000,0.000000,1629480556.000219
54.000000,-46721.828125,-43741.601563,-43122.773438,-52982.304688,-44755.121094,-52977.968750,-44157.031250,-51259.968750,-0.068000,-0.948000,0.220000,192.000000,0.000000,0.000000,0.000000,0.000000,0.000000,0.000000,0.000000,0.000000,0.000000,1629480556.003232
55.000000,-46668.183594,-43689.546875,-43081.128906,-52970.101563,-44740.660156,-53015.453125,-44154.171875,-51243.292969,-0.068000,-0.950000,0.212000,192.000000,253.000000,224.000000,226.000000,80.000000,6.000000,160.000000,0.000000,0.000000,0.000000,1629480556.007246
56.000000,-46647.105469,-43668.871094,-43065.417969,-52961.003906,-44724.253906,-53030.851563,-44142.367188,-51236.699219,-0.068000,-0.950000,0.212000,192.000000,0.000000,0.000000,0.000000,0.000000,0.000000,0.000000,0.000000,0.000000,0.000000,1629480556.011251
57.000000,-46685.617188,-43707.359375,-43095.703125,-52967.867188,-44728.902344,-53004.320313,-44137.453125,-51249.621094,-0.068000,-0.950000,0.212000,192.000000,0.000000,0.000000,0.000000,0.000000,0.000000,0.000000,0.000000,0.000000,0.000000,1629480556.015239
58.000000,-46730.476563,-43751.617188,-43132.585938,-52980.496094,-44748.503906,-52972.156250,-44149.765625,-51265.824219,-0.068000,-0.950000,0.212000,192.000000,0.000000,0.000000,0.000000,0.000000,0.000000,0.000000,0.000000,0.000000,0.000000,1629480556.019237
59.000000,-46719.679688,-43740.617188,-43125.500000,-52982.929688,-44757.265625,-52980.179688,-44163.023438,-51262.785156,-0.068000,-0.950000,0.212000,192.000000,0.000000,0.000000,0.000000,0.000000,0.000000,0.000000,0.000000,0.000000,0.000000,1629480556.024236
60.000000,-46666.886719,-43687.800781,-43083.566406,-52971.128906,-44744.750000,-53016.816406,-44159.648438,-51244.859375,-0.068000,-0.950000,0.212000,192.000000,0.000000,0.000000,0.000000,0.000000,0.000000,0.000000,0.000000,0.000000,0.000000,1629480556.028250
61.000000,-46646.078125,-43666.968750,-43065.976563,-52961.363281,-44727.875000,-53032.394531,-44146.972656,-51238.757813,-0.068000,-0.950000,0.212000,192.000000,0.000000,0.000000,0.000000,0.000000,0.000000,0.000000,0.000000,0.000000,0.000000,1629480556.031276
62.000000,-46686.085938,-43706.464844,-43096.105469,-52967.910156,-44730.355469,-53003.898438,-44144.539063,-51253.128906,-0.068000,-0.950000,0.212000,192.000000,0.000000,0.000000,0.000000,0.000000,0.000000,0.000000,0.000000,0.000000,0.000000,1629480556.035272
63.000000,-46729.515625,-43749.648438,-43130.035156,-52980.250000,-44746.671875,-52970.660156,-44154.664063,-51266.472656,-0.068000,-0.950000,0.212000,192.000000,0.000000,0.000000,0.000000,0.000000,0.000000,0.000000,0.000000,0.000000,0.000000,1629480556.039284
64.000000,-46717.937500,-43740.082031,-43122.234375,-52982.437500,-44754.292969,-52978.570313,-44165.480469,-51262.292969,-0.068000,-0.950000,0.212000,192.000000,0.000000,0.000000,0.000000,0.000000,0.000000,0.000000,0.000000,0.000000,0.000000,1629480556.043292
65.000000,-46665.187500,-43688.496094,-43081.464844,-52970.570313,-44740.414063,-53017.171875,-44162.554688,-51245.863281,-0.072000,-0.950000,0.218000,192.000000,253.000000,192.000000,226.000000,80.000000,6.000000,208.000000,0.000000,0.000000,0.000000,1629480556.047306
66.000000,-46644.042969,-43667.195313,-43062.937500,-52960.890625,-44721.925781,-53032.617188,-44147.621094,-51238.332031,-0.072000,-0.950000,0.218000,192.000000,0.000000,0.000000,0.000000,0.000000,0.000000,0.000000,0.000000,0.000000,0.000000,1629480556.052291
67.000000,-46683.046875,-43705.437500,-43093.289063,-52966.835938,-44726.867188,-53006.535156,-44142.257813,-51249.554688,-0.072000,-0.950000,0.218000,192.000000,0.000000,0.000000,0.000000,0.000000,0.000000,0.000000,0.000000,0.000000,0.000000,1629480556.055286
68.000000,-46731.015625,-43752.843750,-43132.718750,-52981.769531,-44748.300781,-52973.097656,-44153.949219,-51265.644531,-0.072000,-0.950000,0.218000,192.000000,0.000000,0.000000,0.000000,0.000000,0.000000,0.000000,0.000000,0.000000,0.000000,1629480556.059322
69.000000,-46720.417969,-43741.738281,-43124.246094,-52981.902344,-44754.671875,-52975.890625,-44164.140625,-51259.410156,-0.072000,-0.950000,0.218000,192.000000,0.000000,0.000000,0.000000,0.000000,0.000000,0.000000,0.000000,0.000000,0.000000,1629480556.063319
70.000000,-46666.328125,-43688.761719,-43081.914063,-52969.140625,-44738.937500,-53009.863281,-44158.730469,-51241.082031,-0.072000,-0.950000,0.218000,192.000000,0.000000,0.000000,0.000000,0.000000,0.000000,0.000000,0.000000,0.000000,0.000000,1629480556.067320
71.000000,-46643.171875,-43667.171875,-43063.250000,-52960.156250,-44721.390625,-53026.964844,-44144.625000,-51235.160156,-0.072000,-0.950000,0.218000,192.000000,0.000000,0.000000,0.000000,0.000000,0.000000,0.000000,0.000000,0.000000,0.000000,1629480556.071320
72.000000,-46682.757813,-43707.203125,-43093.089844,-52966.523438,-44725.882813,-53002.824219,-44140.691406,-51247.742188,-0.072000,-0.950000,0.218000,192.000000,0.000000,0.000000,0.000000,0.000000,0.000000,0.000000,0.000000,0.000000,0.000000,1629480556.075325
73.000000,-46730.343750,-43754.277344,-43131.289063,-52980.136719,-44743.945313,-52969.207031,-44150.238281,-51261.398438,-0.072000,-0.950000,0.218000,192.000000,0.000000,0.000000,0.000000,0.000000,0.000000,0.000000,0.000000,0.000000,0.000000,1629480556.080341
74.000000,-46719.750000,-43744.152344,-43123.308594,-52981.074219,-44749.554688,-52970.769531,-44159.042969,-51254.023438,-0.072000,-0.950000,0.218000,192.000000,0.000000,0.000000,0.000000,0.000000,0.000000,0.000000,0.000000,0.000000,0.000000,1629480556.083351
75.000000,-46665.097656,-43690.550781,-43080.953125,-52967.796875,-44736.097656,-53005.953125,-44154.394531,-51236.835938,-0.066000,-0.956000,0.224000,192.000000,253.000000,240.000000,226.000000,32.000000,7.000000,0.000000,0.000000,0.000000,0.000000,1629480556.086343
76.000000,-46640.132813,-43665.023438,-43061.574219,-52958.433594,-44719.828125,-53025.445313,-44140.937500,-51231.558594,-0.066000,-0.956000,0.224000,192.000000,0.000000,0.000000,0.000000,0.000000,0.000000,0.000000,0.000000,0.000000,0.000000,1629480556.091344
77.000000,-46678.398438,-43703.894531,-43091.433594,-52964.691406,-44723.625000,-53000.925781,-44138.570313,-51246.937500,-0.066000,-0.956000,0.224000,192.000000,0.000000,0.000000,0.000000,0.000000,0.000000,0.000000,0.000000,0.000000,0.000000,1629480556.095350
78.000000,-46724.910156,-43749.671875,-43128.160156,-52976.070313,-44741.464844,-52964.625000,-44146.101563,-51259.296875,-0.066000,-0.956000,0.224000,192.000000,0.000000,0.000000,0.000000,0.000000,0.000000,0.000000,0.000000,0.000000,0.000000,1629480556.099355
79.000000,-46715.367188,-43739.589844,-43121.519531,-52978.527344,-44749.175781,-52969.765625,-44154.351563,-51255.097656,-0.066000,-0.956000,0.224000,192.000000,0.000000,0.000000,0.000000,0.000000,0.000000,0.000000,0.000000,0.000000,0.000000,1629480556.103363
80.000000,-46660.851563,-43686.082031,-43079.097656,-52966.121094,-44734.398438,-53005.015625,-44151.621094,-51237.820313,-0.066000,-0.956000,0.224000,192.000000,0.000000,0.000000,0.000000,0.000000,0.000000,0.000000,0.000000,0.000000,0.000000,1629480556.108370
81.000000,-46635.683594,-43662.230469,-43058.734375,-52956.398438,-44716.472656,-53023.902344,-44138.187500,-51230.441406,-0.066000,-0.956000,0.224000,192.000000,0.000000,0.000000,0.000000,0.000000,0.000000,0.000000,0.000000,0.000000,0.000000,1629480556.111375
82.000000,-46673.367188,-43700.632813,-43090.273438,-52964.980469,-44722.195313,-53002.199219,-44135.664063,-51246.000000,-0.066000,-0.956000,0.224000,192.000000,0.000000,0.000000,0.000000,0.000000,0.000000,0.000000,0.000000,0.000000,0.000000,1629480556.115363
83.000000,-46721.179688,-43747.906250,-43129.500000,-52978.996094,-44742.066406,-52969.406250,-44145.050781,-51262.828125,-0.066000,-0.956000,0.224000,192.000000,0.000000,0.000000,0.000000,0.000000,0.000000,0.000000,0.000000,0.000000,0.000000,1629480556.119376
84.000000,-46715.031250,-43742.273438,-43124.941406,-52982.593750,-44751.296875,-52972.738281,-44155.847656,-51259.746094,-0.062000,-0.954000,0.224000,192.000000,254.000000,16.000000,226.000000,48.000000,7.000000,0.000000,0.000000,0.000000,0.000000,1629480556.123405
85.000000,-46662.664063,-43691.871094,-43083.789063,-52970.726563,-44739.382813,-53008.343750,-44155.085938,-51242.421875,-0.062000,-0.954000,0.224000,192.000000,0.000000,0.000000,0.000000,0.000000,0.000000,0.000000,0.000000,0.000000,0.000000,1629480556.127405
86.000000,-46636.199219,-43666.230469,-43062.937500,-52961.652344,-44723.203125,-53028.148438,-44145.027344,-51235.406250,-0.062000,-0.954000,0.224000,192.000000,0.000000,0.000000,0.000000,0.000000,0.000000,0.000000,0.000000,0.000000,0.000000,1629480556.131407
87.000000,-46671.960938,-43701.859375,-43090.406250,-52967.621094,-44724.273438,-53006.625000,-44140.156250,-51248.906250,-0.062000,-0.954000,0.224000,192.000000,0.000000,0.000000,0.000000,0.000000,0.000000,0.000000,0.000000,0.000000,0.000000,1629480556.134399
88.000000,-46719.882813,-43749.894531,-43128.671875,-52981.703125,-44743.050781,-52972.941406,-44148.851563,-51264.214844,-0.062000,-0.954000,0.224000,192.000000,0.000000,0.000000,0.000000,0.000000,0.000000,0.000000,0.000000,0.000000,0.000000,1629480556.138436
89.000000,-46711.144531,-43741.601563,-43123.375000,-52982.507813,-44751.074219,-52971.777344,-44159.066406,-51258.808594,-0.062000,-0.954000,0.224000,192.000000,0.000000,0.000000,0.000000,0.000000,0.000000,0.000000,0.000000,0.000000,0.000000,1629480556.142398
90.000000,-46659.847656,-43690.035156,-43083.566406,-52969.339844,-44738.601563,-53006.824219,-44157.390625,-51240.566406,-0.062000,-0.954000,0.224000,192.000000,0.000000,0.000000,0.000000,0.000000,0.000000,0.000000,0.000000,0.000000,0.000000,1629480556.147421
91.000000,-46633.113281,-43664.488281,-43062.511719,-52959.371094,-44722.242188,-53028.617188,-44145.746094,-51234.308594,-0.062000,-0.954000,0.224000,192.000000,0.000000,0.000000,0.000000,0.000000,0.000000,0.000000,0.000000,0.000000,0.000000,1629480556.151416
92.000000,-46667.894531,-43699.804688,-43089.937500,-52965.785156,-44723.671875,-53006.871094,-44141.945313,-51247.339844,-0.062000,-0.954000,0.224000,192.000000,0.000000,0.000000,0.000000,0.000000,0.000000,0.000000,0.000000,0.000000,0.000000,1629480556.155438
93.000000,-46717.468750,-43748.152344,-43128.738281,-52979.914063,-44743.363281,-52971.644531,-44151.601563,-51262.917969,-0.062000,-0.954000,0.224000,192.000000,0.000000,0.000000,0.000000,0.000000,0.000000,0.000000,0.000000,0.000000,0.000000,1629480556.159433
94.000000,-46711.992188,-43743.187500,-43123.933594,-52981.769531,-44750.738281,-52969.964844,-44158.417969,-51257.667969,-0.064000,-0.950000,0.220000,192.000000,254.000000,0.000000,226.000000,80.000000,6.000000,224.000000,0.000000,0.000000,0.000000,1629480556.163445
95.000000,-46662.664063,-43695.355469,-43084.886719,-52971.152344,-44737.730469,-53006.421875,-44156.406250,-51240.343750,-0.064000,-0.950000,0.220000,192.000000,0.000000,0.000000,0.000000,0.000000,0.000000,0.000000,0.000000,0.000000,0.000000,1629480556.166437
96.000000,-46634.679688,-43667.238281,-43061.839844,-52960.937500,-44719.828125,-53026.250000,-44142.480469,-51231.515625,-0.064000,-0.950000,0.220000,192.000000,0.000000,0.000000,0.000000,0.000000,0.000000,0.000000,0.000000,0.000000,0.000000,1629480556.170447
97.000000,-46672.250000,-43703.066406,-43090.273438,-52968.335938,-44723.089844,-53006.757813,-44136.781250,-51244.816406,-0.064000,-0.950000,0.220000,192.000000,0.000000,0.000000,0.000000,0.000000,0.000000,0.000000,0.000000,0.000000,0.000000,1629480556.174481
98.000000,-46720.976563,-43751.480469,-43129.074219,-52980.917969,-44740.234375,-52971.105469,-44144.203125,-51260.437500,-0.064000,-0.950000,0.220000,192.000000,0.000000,0.000000,0.000000,0.000000,0.000000,0.000000,0.000000,0.000000,0.000000,1629480556.179439
99.000000,-46715.187500,-43746.273438,-43126.304688,-52984.203125,-44749.332031,-52971.417969,-44151.914063,-51256.683594,-0.064000,-0.950000,0.220000,192.000000,0.000000,0.000000,0.000000,0.000000,0.000000,0.000000,0.000000,0.000000,0.000000,1629480556.183452
100.000000,-46663.937500,-43696.117188,-43086.539063,-52972.894531,-44738.000000,-53005.550781,-44148.875000,-51237.707031,-0.064000,-0.950000,0.220000,192.000000,0.000000,0.000000,0.000000,0.000000,0.000000,0.000000,0.000000,0.000000,0.000000,1629480556.187460
101.000000,-46633.984375,-43667.328125,-43061.929688,-52958.812500,-44719.156250,-53024.953125,-44134.992188,-51227.179688,-0.064000,-0.950000,0.220000,192.000000,0.000000,0.000000,0.000000,0.000000,0.000000,0.000000,0.000000,0.000000,0.000000,1629480556.190480
102.000000,-46668.964844,-43702.195313,-43089.847656,-52966.906250,-44723.269531,-53008.480469,-44132.980469,-51244.570313,-0.064000,-0.950000,0.220000,192.000000,0.000000,0.000000,0.000000,0.000000,0.000000,0.000000,0.000000,0.000000,0.000000,1629480556.194556
103.000000,-46717.511719,-43750.632813,-43128.785156,-52981.187500,-44740.679688,-52973.542969,-44142.234375,-51263.632813,-0.064000,-0.950000,0.220000,192.000000,0.000000,0.000000,0.000000,0.000000,0.000000,0.000000,0.000000,0.000000,0.000000,1629480556.198537
104.000000,-46713.402344,-43746.363281,-43126.394531,-52984.070313,-44750.582031,-52971.128906,-44152.964844,-51261.667969,-0.064000,-0.952000,0.220000,192.000000,254.000000,0.000000,226.000000,64.000000,6.000000,224.000000,0.000000,0.000000,0.000000,1629480556.202540
105.000000,-46663.332031,-43697.367188,-43086.917969,-52973.968750,-44740.769531,-53005.910156,-44151.914063,-51244.078125,-0.064000,-0.952000,0.220000,192.000000,0.000000,0.000000,0.000000,0.000000,0.000000,0.000000,0.000000,0.000000,0.000000,1629480556.207534
106.000000,-46633.761719,-43667.394531,-43062.734375,-52961.832031,-44722.867188,-53027.054688,-44138.613281,-51233.929688,-0.064000,-0.952000,0.220000,192.000000,0.000000,0.000000,0.000000,0.000000,0.000000,0.000000,0.000000,0.000000,0.000000,1629480556.211535
107.000000,-46664.070313,-43698.082031,-43086.093750,-52964.445313,-44721.054688,-53006.980469,-44129.898438,-51244.746094,-0.064000,-0.952000,0.220000,192.000000,0.000000,0.000000,0.000000,0.000000,0.000000,0.000000,0.000000,0.000000,0.000000,1629480556.215535
108.000000,-46715.257813,-43747.929688,-43125.992188,-52977.542969,-44737.039063,-52970.636719,-44137.003906,-51259.812500,-0.064000,-0.952000,0.220000,192.000000,0.000000,0.000000,0.000000,0.000000,0.000000,0.000000,0.000000,0.000000,0.000000,1629480556.218556
109.000000,-46715.187500,-43747.769531,-43124.851563,-52980.718750,-44747.453125,-52968.269531,-44148.449219,-51256.707031,-0.064000,-0.952000,0.220000,192.000000,0.000000,0.000000,0.000000,0.000000,0.000000,0.000000,0.000000,0.000000,0.000000,1629480556.222542
110.000000,-46663.085938,-43697.121094,-43083.500000,-52968.984375,-44737.394531,-53002.218750,-44146.750000,-51239.785156,-0.064000,-0.952000,0.220000,192.000000,0.000000,0.000000,0.000000,0.000000,0.000000,0.000000,0.000000,0.000000,0.000000,1629480556.226559
111.000000,-46631.390625,-43665.652344,-43058.554688,-52957.449219,-44717.703125,-53024.929688,-44134.726563,-51230.867188,-0.064000,-0.952000,0.220000,192.000000,0.000000,0.000000,0.000000,0.000000,0.000000,0.000000,0.000000,0.000000,0.000000,1629480556.230540
112.000000,-46662.593750,-43695.109375,-43081.554688,-52959.082031,-44714.261719,-53003.742188,-44128.578125,-51241.527344,-0.064000,-0.952000,0.220000,192.000000,0.000000,0.000000,0.000000,0.000000,0.000000,0.000000,0.000000,0.000000,0.000000,1629480556.235535
113.000000,-46713.734375,-43744.910156,-43121.656250,-52971.777344,-44731.136719,-52967.082031,-44136.402344,-51256.617188,-0.064000,-0.952000,0.220000,192.000000,0.000000,0.000000,0.000000,0.000000,0.000000,0.000000,0.000000,0.000000,0.000000,1629480556.239538
114.000000,-46712.285156,-43744.351563,-43120.937500,-52975.644531,-44741.062500,-52964.066406,-44146.101563,-51253.019531,-0.068000,-0.954000,0.216000,192.000000,253.000000,224.000000,226.000000,48.000000,6.000000,192.000000,0.000000,0.000000,0.000000,1629480556.242533
115.000000,-46661.097656,-43694.238281,-43080.660156,-52964.937500,-44728.050781,-52997.234375,-44143.734375,-51235.917969,-0.068000,-0.954000,0.216000,192.000000,0.000000,0.000000,0.000000,0.000000,0.000000,0.000000,0.000000,0.000000,0.000000,1629480556.246543
116.000000,-46630.812500,-43664.757813,-43057.101563,-52955.125000,-44712.273438,-53024.148438,-44131.214844,-51229.503906,-0.068000,-0.954000,0.216000,192.000000,0.000000,0.000000,0.000000,0.000000,0.000000,0.000000,0.000000,0.000000,0.000000,1629480556.250544
117.000000,-46661.992188,-43696.562500,-43082.136719,-52960.265625,-44713.234375,-53007.136719,-44125.136719,-51240.679688,-0.068000,-0.954000,0.216000,192.000000,0.000000,0.000000,0.000000,0.000000,0.000000,0.000000,0.000000,0.000000,0.000000,1629480556.254568
118.000000,-46713.289063,-43747.144531,-43122.792969,-52973.656250,-44729.953125,-52971.554688,-44134.570313,-51256.101563,-0.068000,-0.954000,0.216000,192.000000,0.000000,0.000000,0.000000,0.000000,0.000000,0.000000,0.000000,0.000000,0.000000,1629480556.258571
119.000000,-46712.843750,-43746.542969,-43123.085938,-52976.738281,-44740.523438,-52966.523438,-44144.960938,-51250.582031,-0.068000,-0.954000,0.216000,192.000000,0.000000,0.000000,0.000000,0.000000,0.000000,0.000000,0.000000,0.000000,0.000000,1629480556.263569
120.000000,-46662.105469,-43697.210938,-43085.066406,-52966.234375,-44731.250000,-52999.023438,-44143.800781,-51233.191406,-0.068000,-0.954000,0.216000,192.000000,0.000000,0.000000,0.000000,0.000000,0.000000,0.000000,0.000000,0.000000,0.000000,1629480556.267563
121.000000,-46627.390625,-43663.101563,-43057.437500,-52954.277344,-44712.250000,-53024.191406,-44129.917969,-51222.863281,-0.068000,-0.954000,0.216000,192.000000,0.000000,0.000000,0.000000,0.000000,0.000000,0.000000,0.000000,0.000000,0.000000,1629480556.270558
122.000000,-46658.906250,-43693.523438,-43082.515625,-52961.382813,-44713.949219,-53008.656250,-44125.539063,-51235.964844,-0.068000,-0.954000,0.216000,192.000000,0.000000,0.000000,0.000000,0.000000,0.000000,0.000000,0.000000,0.000000,0.000000,1629480556.274559
123.000000,-46710.695313,-43744.820313,-43123.710938,-52975.019531,-44731.894531,-52973.027344,-44132.691406,-51251.050781,-0.068000,-0.954000,0.216000,192.000000,0.000000,0.000000,0.000000,0.000000,0.000000,0.000000,0.000000,0.000000,0.000000,1629480556.278581
124.000000,-46710.761719,-43746.699219,-43125.207031,-52979.132813,-44743.339844,-52968.425781,-44142.949219,-51248.593750,-0.066000,-0.948000,0.210000,192.000000,253.000000,240.000000,226.000000,96.000000,6.000000,144.000000,0.000000,0.000000,0.000000,1629480556.282594
125.000000,-46659.085938,-43696.855469,-43086.429688,-52968.132813,-44734.824219,-53001.773438,-44143.105469,-51233.863281,-0.066000,-0.948000,0.210000,192.000000,0.000000,0.000000,0.000000,0.000000,0.000000,0.000000,0.000000,0.000000,0.000000,1629480556.287608
126.000000,-46626.406250,-43664.355469,-43062.824219,-52958.746094,-44718.777344,-53028.730469,-44135.171875,-51228.675781,-0.066000,-0.948000,0.210000,192.000000,0.000000,0.000000,0.000000,0.000000,0.000000,0.000000,0.000000,0.000000,0.000000,1629480556.291591
127.000000,-46656.582031,-43693.949219,-43087.210938,-52964.402344,-44718.664063,-53011.628906,-44131.148438,-51242.175781,-0.066000,-0.948000,0.210000,192.000000,0.000000,0.000000,0.000000,0.000000,0.000000,0.000000,0.000000,0.000000,0.000000,1629480556.295586
128.000000,-46707.500000,-43744.238281,-43126.660156,-52977.164063,-44737.148438,-52974.101563,-44139.687500,-51259.656250,-0.066000,-0.948000,0.210000,192.000000,0.000000,0.000000,0.000000,0.000000,0.000000,0.000000,0.000000,0.000000,0.000000,1629480556.298610
129.000000,-46713.734375,-43750.074219,-43131.914063,-52984.292969,-44752.304688,-52971.417969,-44155.175781,-51262.898438,-0.066000,-0.948000,0.210000,192.000000,0.000000,0.000000,0.000000,0.000000,0.000000,0.000000,0.000000,0.000000,0.000000,1629480556.302607
130.000000,-46662.910156,-43698.796875,-43091.480469,-52970.324219,-44738.601563,-53002.890625,-44152.785156,-51244.816406,-0.066000,-0.948000,0.210000,192.000000,0.000000,0.000000,0.000000,0.000000,0.000000,0.000000,0.000000,0.000000,0.000000,1629480556.306613
131.000000,-46627.437500,-43664.218750,-43062.800781,-52957.851563,-44719.269531,-53027.210938,-44141.050781,-51235.160156,-0.066000,-0.948000,0.210000,192.000000,0.000000,0.000000,0.000000,0.000000,0.000000,0.000000,0.000000,0.000000,0.000000,1629480556.310612
132.000000,-46655.332031,-43693.367188,-43083.859375,-52962.031250,-44718.394531,-53010.335938,-44137.207031,-51248.347656,-0.066000,-0.948000,0.210000,192.000000,0.000000,0.000000,0.000000,0.000000,0.000000,0.000000,0.000000,0.000000,0.000000,1629480556.314638
133.000000,-46706.472656,-43743.054688,-43122.929688,-52973.050781,-44733.617188,-52970.480469,-44144.046875,-51264.640625,-0.066000,-0.948000,0.210000,192.000000,0.000000,0.000000,0.000000,0.000000,0.000000,0.000000,0.000000,0.000000,0.000000,1629480556.319635
134.000000,-46710.382813,-43746.988281,-43125.207031,-52975.398438,-44745.597656,-52962.433594,-44154.550781,-51261.914063,-0.072000,-0.948000,0.216000,192.000000,253.000000,192.000000,226.000000,96.000000,6.000000,192.000000,0.000000,0.000000,0.000000,1629480556.323642
135.000000,-46661.433594,-43699.468750,-43085.667969,-52962.300781,-44733.730469,-52993.769531,-44151.488281,-51241.617188,-0.072000,-0.948000,0.216000,192.000000,0.000000,0.000000,0.000000,0.000000,0.000000,0.000000,0.000000,0.000000,0.000000,1629480556.326644
136.000000,-46625.601563,-43665.425781,-43057.527344,-52950.542969,-44714.195313,-53021.242188,-44139.597656,-51231.917969,-0.072000,-0.948000,0.216000,192.000000,0.000000,0.000000,0.000000,0.000000,0.000000,0.000000,0.000000,0.000000,0.000000,1629480556.330638
137.000000,-46649.406250,-43689.187500,-43075.429688,-52953.046875,-44709.140625,-53002.644531,-44129.539063,-51239.785156,-0.072000,-0.948000,0.216000,192.000000,0.000000,0.000000,0.000000,0.000000,0.000000,0.000000,0.000000,0.000000,0.000000,1629480556.334673
138.000000,-46701.351563,-43739.480469,-43115.664063,-52964.511719,-44723.535156,-52966.792969,-44134.882813,-51252.792969,-0.072000,-0.948000,0.216000,192.000000,0.000000,0.000000,0.000000,0.000000,0.000000,0.000000,0.000000,0.000000,0.000000,1629480556.338666
139.000000,-46705.777344,-43744.039063,-43119.285156,-52967.375000,-44734.871094,-52959.484375,-44144.402344,-51249.753906,-0.072000,-0.948000,0.216000,192.000000,0.000000,0.000000,0.000000,0.000000,0.000000,0.000000,0.000000,0.000000,0.000000,1629480556.342669
140.000000,-46656.628906,-43694.550781,-43080.148438,-52956.511719,-44726.105469,-52990.285156,-44141.339844,-51229.906250,-0.072000,-0.948000,0.216000,192.000000,0.000000,0.000000,0.000000,0.000000,0.000000,0.000000,0.000000,0.000000,0.000000,1629480556.347668
141.000000,-46617.066406,-43656.152344,-43050.171875,-52944.328125,-44706.863281,-53017.351563,-44127.796875,-51220.160156,-0.072000,-0.948000,0.216000,192.000000,0.000000,0.000000,0.000000,0.000000,0.000000,0.000000,0.000000,0.000000,0.000000,1629480556.350659
142.000000,-46638.968750,-43678.210938,-43068.613281,-52947.414063,-44704.359375,-53002.757813,-44120.820313,-51231.292969,-0.072000,-0.948000,0.216000,192.000000,0.000000,0.000000,0.000000,0.000000,0.000000,0.000000,0.000000,0.000000,0.000000,1629480556.354687
143.000000,-46693.351563,-43732.328125,-43113.964844,-52965.296875,-44724.566406,-52969.496094,-44130.949219,-51250.312500,-0.070000,-0.956000,0.222000,192.000000,253.000000,208.000000,226.000000,32.000000,6.000000,240.000000,0.000000,0.000000,0.000000,1629480556.358683
144.000000,-46703.363281,-43740.910156,-43122.949219,-52975.667969,-44740.949219,-52966.503906,-44146.011719,-51253.933594,-0.070000,-0.956000,0.222000,192.000000,0.000000,0.000000,0.000000,0.000000,0.000000,0.000000,0.000000,0.000000,0.000000,1629480556.362693
145.000000,-46653.363281,-43690.664063,-43086.070313,-52965.675781,-44732.769531,-52997.773438,-44144.984375,-51235.359375,-0.070000,-0.956000,0.222000,192.000000,0.000000,0.000000,0.000000,0.000000,0.000000,0.000000,0.000000,0.000000,0.000000,1629480556.366686
146.000000,-46617.042969,-43655.144531,-43059.875000,-52956.332031,-44715.804688,-53026.335938,-44136.312500,-51226.730469,-0.070000,-0.956000,0.222000,192.000000,0.000000,0.000000,0.000000,0.000000,0.000000,0.000000,0.000000,0.000000,0.000000,1629480556.370717
147.000000,-46639.730469,-43679.531250,-43078.203125,-52958.722656,-44711.800781,-53012.769531,-44128.757813,-51238.488281,-0.070000,-0.956000,0.222000,192.000000,0.000000,0.000000,0.000000,0.000000,0.000000,0.000000,0.000000,0.000000,0.000000,1629480556.375719
148.000000,-46693.507813,-43733.800781,-43121.339844,-52972.761719,-44730.621094,-52979.085938,-44137.785156,-51257.824219,-0.070000,-0.956000,0.222000,192.000000,0.000000,0.000000,0.000000,0.000000,0.000000,0.000000,0.000000,0.000000,0.000000,1629480556.378714
149.000000,-46705.890625,-43745.359375,-43131.199219,-52982.460938,-44745.957031,-52973.968750,-44154.351563,-51261.710938,-0.070000,-0.956000,0.222000,192.000000,0.000000,0.000000,0.000000,0.000000,0.000000,0.000000,0.000000,0.000000,0.000000,1629480556.382715
150.000000,-46660.605469,-43700.832031,-43094.363281,-52974.011719,-44738.085938,-53004.566406,-44156.339844,-51245.058594,-0.070000,-0.956000,0.222000,192.000000,0.000000,0.000000,0.000000,0.000000,0.000000,0.000000,0.000000,0.000000,0.000000,1629480556.386711
151.000000,-46624.843750,-43665.449219,-43064.523438,-52962.253906,-44721.234375,-53031.792969,-44146.527344,-51234.511719,-0.070000,-0.956000,0.222000,192.000000,0.000000,0.000000,0.000000,0.000000,0.000000,0.000000,0.000000,0.000000,0.000000,1629480556.390766
152.000000,-46653.007813,-43692.675781,-43084.640625,-52965.898438,-44719.601563,-53019.519531,-44137.765625,-51246.222656,-0.070000,-0.956000,0.222000,192.000000,0.000000,0.000000,0.000000,0.000000,0.000000,0.000000,0.000000,0.000000,0.000000,1629480556.395751
153.000000,-46706.828125,-43745.000000,-43125.117188,-52977.476563,-44734.468750,-52981.164063,-44142.703125,-51263.253906,-0.074000,-0.958000,0.226000,192.000000,253.000000,176.000000,226.000000,16.000000,7.000000,16.000000,0.000000,0.000000,0.000000,1629480556.399751
154.000000,-46718.093750,-43754.609375,-43132.988281,-52981.835938,-44748.144531,-52971.488281,-44156.382813,-51263.523438,-0.074000,-0.958000,0.226000,192.000000,0.000000,0.000000,0.000000,0.000000,0.000000,0.000000,0.000000,0.000000,0.000000,1629480556.402742
155.000000,-46672.609375,-43708.746094,-43096.867188,-52971.531250,-44738.757813,-53002.937500,-44157.613281,-51248.949219,-0.074000,-0.958000,0.226000,192.000000,0.000000,0.000000,0.000000,0.000000,0.000000,0.000000,0.000000,0.000000,0.000000,1629480556.405741
156.000000,-46635.886719,-43671.843750,-43067.406250,-52960.265625,-44720.386719,-53033.175781,-44148.695313,-51240.613281,-0.074000,-0.958000,0.226000,192.000000,0.000000,0.000000,0.000000,0.000000,0.000000,0.000000,0.000000,0.000000,0.000000,1629480556.409772
157.000000,-46658.886719,-43693.433594,-43084.976563,-52960.667969,-44717.660156,-53019.722656,-44142.324219,-51250.714844,-0.074000,-0.958000,0.226000,192.000000,0.000000,0.000000,0.000000,0.000000,0.000000,0.000000,0.000000,0.000000,0.000000,1629480556.413771
158.000000,-46710.183594,-43743.234375,-43125.878906,-52971.574219,-44732.968750,-52979.890625,-44149.386719,-51267.500000,-0.074000,-0.958000,0.226000,192.000000,0.000000,0.000000,0.000000,0.000000,0.000000,0.000000,0.000000,0.000000,0.000000,1629480556.418776
159.000000,-46718.964844,-43750.343750,-43132.652344,-52974.347656,-44745.687500,-52966.636719,-44157.187500,-51264.550781,-0.074000,-0.958000,0.226000,192.000000,0.000000,0.000000,0.000000,0.000000,0.000000,0.000000,0.000000,0.000000,0.000000,1629480556.422775
160.000000,-46670.933594,-43701.234375,-43094.050781,-52961.808594,-44734.535156,-52993.703125,-44154.683594,-51244.746094,-0.074000,-0.958000,0.226000,192.000000,0.000000,0.000000,0.000000,0.000000,0.000000,0.000000,0.000000,0.000000,0.000000,1629480556.426780
161.000000,-46627.636719,-43659.636719,-43060.277344,-52947.125000,-44713.078125,-53019.945313,-44142.257813,-51232.812500,-0.074000,-0.958000,0.226000,192.000000,0.000000,0.000000,0.000000,0.000000,0.000000,0.000000,0.000000,0.000000,0.000000,1629480556.430796
162.000000,-46645.070313,-43678.570313,-43075.027344,-52945.246094,-44708.652344,-53003.875000,-44135.441406,-51238.847656,-0.074000,-0.958000,0.226000,192.000000,0.000000,0.000000,0.000000,0.000000,0.000000,0.000000,0.000000,0.000000,0.000000,1629480556.433798
163.000000,-46696.523438,-43729.578125,-43116.402344,-52956.289063,-44724.656250,-52965.519531,-44140.960938,-51255.253906,-0.066000,-0.956000,0.222000,192.000000,253.000000,240.000000,226.000000,32.000000,6.000000,240.000000,0.000000,0.000000,0.000000,1629480556.437800
164.000000,-46705.914063,-43737.691406,-43124.539063,-52960.644531,-44736.320313,-52953.648438,-44148.984375,-51253.664063,-0.066000,-0.956000,0.222000,192.000000,0.000000,0.000000,0.000000,0.000000,0.000000,0.000000,0.000000,0.000000,0.000000,1629480556.442789
165.000000,-46660.316406,-43692.093750,-43090.070313,-52953.046875,-44730.578125,-52984.183594,-44150.503906,-51236.050781,-0.066000,-0.956000,0.222000,192.000000,0.000000,0.000000,0.000000,0.000000,0.000000,0.000000,0.000000,0.000000,0.000000,1629480556.446795
166.000000,-46619.234375,-43650.875000,-43057.214844,-52939.367188,-44713.367188,-53012.144531,-44136.980469,-51220.117188,-0.066000,-0.956000,0.222000,192.000000,0.000000,0.000000,0.000000,0.000000,0.000000,0.000000,0.000000,0.000000,0.000000,1629480556.450827
167.000000,-46640.871094,-43671.664063,-43074.695313,-52941.199219,-44709.699219,-53002.132813,-44129.023438,-51229.101563,-0.066000,-0.956000,0.222000,192.000000,0.000000,0.000000,0.000000,0.000000,0.000000,0.000000,0.000000,0.000000,0.000000,1629480556.454840
168.000000,-46693.128906,-43725.085938,-43116.601563,-52955.550781,-44725.437500,-52967.015625,-44135.976563,-51246.246094,-0.066000,-0.956000,0.222000,192.000000,0.000000,0.000000,0.000000,0.000000,0.000000,0.000000,0.000000,0.000000,0.000000,1629480556.457827
169.000000,-46702.136719,-43735.968750,-43124.246094,-52960.980469,-44737.683594,-52955.437500,-44144.492188,-51248.726563,-0.066000,-0.956000,0.222000,192.000000,0.000000,0.000000,0.000000,0.000000,0.000000,0.000000,0.000000,0.000000,0.000000,1629480556.461829
170.000000,-46656.089844,-43692.117188,-43089.000000,-52954.789063,-44730.957031,-52986.015625,-44146.214844,-51234.710938,-0.066000,-0.956000,0.222000,192.000000,0.000000,0.000000,0.000000,0.000000,0.000000,0.000000,0.000000,0.000000,0.000000,1629480556.465822
171.000000,-46613.800781,-43651.367188,-43055.785156,-52946.230469,-44711.667969,-53018.714844,-44136.980469,-51225.167969,-0.066000,-0.956000,0.222000,192.000000,0.000000,0.000000,0.000000,0.000000,0.000000,0.000000,0.000000,0.000000,0.000000,1629480556.469855
172.000000,-46632.085938,-43671.261719,-43071.742188,-52951.863281,-44708.718750,-53012.679688,-44129.406250,-51237.082031,-0.066000,-0.956000,0.222000,192.000000,0.000000,0.000000,0.000000,0.000000,0.000000,0.000000,0.000000,0.000000,0.000000,1629480556.474845
173.000000,-46683.562500,-43723.609375,-43114.835938,-52967.531250,-44723.828125,-52976.738281,-44133.628906,-51254.648438,-0.064000,-0.962000,0.218000,192.000000,254.000000,0.000000,225.000000,240.000000,6.000000,208.000000,0.000000,0.000000,0.000000,1629480556.478848
174.000000,-46697.195313,-43738.406250,-43126.773438,-52976.695313,-44741.128906,-52966.949219,-44146.503906,-51257.621094,-0.064000,-0.962000,0.218000,192.000000,0.000000,0.000000,0.000000,0.000000,0.000000,0.000000,0.000000,0.000000,0.000000,1629480556.482858
175.000000,-46651.933594,-43696.027344,-43092.062500,-52969.632813,-44736.656250,-52997.707031,-44148.917969,-51242.066406,-0.064000,-0.962000,0.218000,192.000000,0.000000,0.000000,0.000000,0.000000,0.000000,0.000000,0.000000,0.000000,0.000000,1629480556.485854
176.000000,-46608.460938,-43656.175781,-43058.332031,-52959.437500,-44720.074219,-53028.507813,-44138.703125,-51230.890625,-0.064000,-0.962000,0.218000,192.000000,0.000000,0.000000,0.000000,0.000000,0.000000,0.000000,0.000000,0.000000,0.000000,1629480556.489887
177.000000,-46626.363281,-43676.023438,-43072.613281,-52961.742188,-44715.378906,-53020.144531,-44132.156250,-51241.195313,-0.064000,-0.962000,0.218000,192.000000,0.000000,0.000000,0.000000,0.000000,0.000000,0.000000,0.000000,0.000000,0.000000,1629480556.493879
178.000000,-46678.800781,-43729.265625,-43114.816406,-52974.773438,-44730.199219,-52983.824219,-44138.613281,-51262.203125,-0.064000,-0.962000,0.218000,192.000000,0.000000,0.000000,0.000000,0.000000,0.000000,0.000000,0.000000,0.000000,0.000000,1629480556.497889
179.000000,-46690.246094,-43740.820313,-43122.437500,-52979.824219,-44739.964844,-52969.027344,-44148.941406,-51264.527344,-0.064000,-0.962000,0.218000,192.000000,0.000000,0.000000,0.000000,0.000000,0.000000,0.000000,0.000000,0.000000,0.000000,1629480556.502867
180.000000,-46650.191406,-43700.808594,-43091.433594,-52974.058594,-44736.546875,-52999.000000,-44154.437500,-51251.742188,-0.064000,-0.962000,0.218000,192.000000,0.000000,0.000000,0.000000,0.000000,0.000000,0.000000,0.000000,0.000000,0.000000,1629480556.506916
181.000000,-46607.027344,-43656.351563,-43056.656250,-52959.261719,-44715.312500,-53029.601563,-44143.464844,-51239.226563,-0.064000,-0.962000,0.218000,192.000000,0.000000,0.000000,0.000000,0.000000,0.000000,0.000000,0.000000,0.000000,0.000000,1629480556.509908
182.000000,-46623.882813,-43672.289063,-43070.335938,-52958.703125,-44709.457031,-53021.667969,-44136.132813,-51247.316406,-0.064000,-0.962000,0.218000,192.000000,0.000000,0.000000,0.000000,0.000000,0.000000,0.000000,0.000000,0.000000,0.000000,1629480556.513905
183.000000,-46677.390625,-43724.414063,-43112.132813,-52970.035156,-44724.429688,-52985.210938,-44141.363281,-51264.863281,-0.076000,-0.956000,0.224000,192.000000,253.000000,160.000000,226.000000,32.000000,7.000000,0.000000,0.000000,0.000000,0.000000,1629480556.517906
184.000000,-46695.632813,-43741.246094,-43127.601563,-52978.570313,-44741.796875,-52973.566406,-44154.328125,-51269.625000,-0.076000,-0.956000,0.224000,192.000000,0.000000,0.000000,0.000000,0.000000,0.000000,0.000000,0.000000,0.000000,0.000000,1629480556.521902
185.000000,-46652.714844,-43696.652344,-43093.847656,-52968.960938,-44735.515625,-52999.851563,-44156.046875,-51252.144531,-0.076000,-0.956000,0.224000,192.000000,0.000000,0.000000,0.000000,0.000000,0.000000,0.000000,0.000000,0.000000,0.000000,1629480556.525962
186.000000,-46611.902344,-43654.988281,-43060.902344,-52957.046875,-44718.640625,-53031.144531,-44147.531250,-51238.914063,-0.076000,-0.956000,0.224000,192.000000,0.000000,0.000000,0.000000,0.000000,0.000000,0.000000,0.000000,0.000000,0.000000,1629480556.530918
187.000000,-46630.097656,-43671.039063,-43074.984375,-52957.113281,-44714.460938,-53023.386719,-44140.179688,-51248.414063,-0.076000,-0.956000,0.224000,192.000000,0.000000,0.000000,0.000000,0.000000,0.000000,0.000000,0.000000,0.000000,0.000000,1629480556.534931
188.000000,-46686.355469,-43723.988281,-43119.062500,-52968.289063,-44730.777344,-52987.445313,-44145.921875,-51267.144531,-0.076000,-0.956000,0.224000,192.000000,0.000000,0.000000,0.000000,0.000000,0.000000,0.000000,0.000000,0.000000,0.000000,1629480556.537921
189.000000,-46703.855469,-43740.550781,-43132.988281,-52973.609375,-44744.859375,-52972.292969,-44155.757813,-51267.812500,-0.076000,-0.956000,0.224000,192.000000,0.000000,0.000000,0.000000,0.000000,0.000000,0.000000,0.000000,0.000000,0.000000,1629480556.541924
190.000000,-46660.761719,-43697.679688,-43100.128906,-52964.089844,-44737.597656,-52996.566406,-44155.644531,-51249.171875,-0.076000,-0.956000,0.224000,192.000000,0.000000,0.000000,0.000000,0.000000,0.000000,0.000000,0.000000,0.000000,0.000000,1629480556.545961
191.000000,-46615.925781,-43653.378906,-43064.902344,-52949.695313,-44718.304688,-53027.230469,-44146.101563,-51234.152344,-0.076000,-0.956000,0.224000,192.000000,0.000000,0.000000,0.000000,0.000000,0.000000,0.000000,0.000000,0.000000,0.000000,1629480556.549964
192.000000,-46631.816406,-43669.449219,-43078.828125,-52949.425781,-44715.042969,-53020.707031,-44141.609375,-51242.402344,-0.076000,-0.956000,0.224000,192.000000,0.000000,0.000000,0.000000,0.000000,0.000000,0.000000,0.000000,0.000000,0.000000,1629480556.553976
193.000000,-46684.859375,-43721.039063,-43121.921875,-52960.199219,-44729.570313,-52982.171875,-44145.921875,-51259.187500,-0.070000,-0.958000,0.220000,192.000000,253.000000,208.000000,226.000000,16.000000,6.000000,224.000000,0.000000,0.000000,0.000000,1629480556.558948
194.000000,-46703.320313,-43738.339844,-43137.457031,-52968.066406,-44744.703125,-52968.425781,-44158.351563,-51261.621094,-0.070000,-0.958000,0.220000,192.000000,0.000000,0.000000,0.000000,0.000000,0.000000,0.000000,0.000000,0.000000,0.000000,1629480556.562993
195.000000,-46664.046875,-43697.210938,-43106.656250,-52961.292969,-44742.042969,-52996.765625,-44162.484375,-51245.082031,-0.070000,-0.958000,0.220000,192.000000,0.000000,0.000000,0.000000,0.000000,0.000000,0.000000,0.000000,0.000000,0.000000,1629480556.565983
196.000000,-46620.796875,-43653.714844,-43072.859375,-52949.449219,-44724.632813,-53028.683594,-44151.535156,-51229.101563,-0.070000,-0.958000,0.220000,192.000000,0.000000,0.000000,0.000000,0.000000,0.000000,0.000000,0.000000,0.000000,0.000000,1629480556.570001
197.000000,-46638.523438,-43671.039063,-43087.210938,-52952.757813,-44721.972656,-53025.042969,-44144.917969,-51240.230469,-0.070000,-0.958000,0.220000,192.000000,0.000000,0.000000,0.000000,0.000000,0.000000,0.000000,0.000000,0.000000,0.000000,1629480556.573987
198.000000,-46691.921875,-43723.050781,-43129.277344,-52964.402344,-44737.214844,-52988.183594,-44149.566406,-51258.761719,-0.070000,-0.958000,0.220000,192.000000,0.000000,0.000000,0.000000,0.000000,0.000000,0.000000,0.000000,0.000000,0.000000,1629480556.577977
199.000000,-46712.261719,-43742.945313,-43145.839844,-52974.125000,-44754.136719,-52972.359375,-44162.554688,-51263.277344,-0.070000,-0.958000,0.220000,192.000000,0.000000,0.000000,0.000000,0.000000,0.000000,0.000000,0.000000,0.000000,0.000000,1629480556.582004
200.000000,-46670.753906,-43699.714844,-43112.824219,-52965.363281,-44747.765625,-52996.097656,-44165.792969,-51248.101563,-0.070000,-0.958000,0.220000,192.000000,0.000000,0.000000,0.000000,0.000000,0.000000,0.000000,0.000000,0.000000,0.000000,1629480556.587009
201.000000,-46623.835938,-43652.441406,-43075.699219,-52950.656250,-44727.875000,-53027.769531,-44157.636719,-51234.644531,-0.070000,-0.958000,0.220000,192.000000,0.000000,0.000000,0.000000,0.000000,0.000000,0.000000,0.000000,0.000000,0.000000,1629480556.590007
202.000000,-46638.613281,-43667.281250,-43086.652344,-52951.125000,-44723.671875,-53022.179688,-44150.839844,-51242.871094,-0.064000,-0.962000,0.220000,192.000000,254.000000,0.000000,225.000000,240.000000,6.000000,224.000000,0.000000,0.000000,0.000000,1629480556.593999
203.000000,-46694.132813,-43721.621094,-43129.500000,-52965.718750,-44738.000000,-52987.402344,-44156.226563,-51264.105469,-0.064000,-0.962000,0.220000,192.000000,0.000000,0.000000,0.000000,0.000000,0.000000,0.000000,0.000000,0.000000,0.000000,1629480556.598009
